inputId Score
9045 3439.6295
9048 180.8201
9049 148.5257
9050 194.1556
9051 3095.6055
9053 740.6289
9054 234.2894
9055 166.2350
9056 191.1048
9057 272.4427
9059 183.7516
9060 164.0310
9061 273.0784
9062 149.1014
9065 148.9632
9067 177.9309
9068 177.6925
9069 736.1970
9070 224.3229
9071 179.0512
9073 145.8556
9074 148.4196
9076 153.4302
9078 146.9264
9079 159.0616
9080 999.5438
9081 207.3416
9082 215.3044
9084 227.9552
9085 357.5526
9088 219.7482
9089 202.7230
9090 1526.4677
9091 204.3663
9093 150.3834
9095 254.1396
9096 230.6517
9098 151.6047
9099 163.7783
9101 177.8248
9102 149.9892
9104 972.9757
9105 147.7392
9106 293.6428
9108 146.1521
9109 171.3295
9110 956.5606
9111 1398.6975
9112 187.4971
9113 2327.4376
9114 157.9650
9115 157.9911
9116 789.3572
9117 3484.1920
9118 169.1560
9119 148.2493
9120 441.7053
9121 3082.6562
9122 148.8822
9124 265.4335
9126 295.0226
9127 149.0957
9128 148.7977
9130 166.1215
9132 146.0930
9134 586.5783
9135 2902.1408
9137 146.5478
9138 3416.6857
9139 290.8908
9140 206.6351
9142 179.0512
9143 171.1406
9145 2107.3230
9146 3881.5636
9148 146.8744
9149 153.5167
9150 200.0287
9154 166.2668
9155 220.4679
9158 3783.1568
9159 204.4001
9160 145.3369
9161 229.9055
9163 2083.8832
9164 2596.0938
9165 153.3583
9166 145.8132
9167 1079.4499
9168 214.0860
9169 158.3291
9170 4048.7149
9172 247.4483
9173 451.2210
9174 3768.8471
9175 2992.9800
9176 214.5876
9177 217.0231
9178 869.6908
9180 177.2769
9181 182.6176
9182 1904.0430
9183 149.3780
9184 159.2823
9186 2170.6964
9187 2537.1526
9191 3914.1930
9192 195.4930
9194 299.4923
9196 148.7376
9197 178.4680
9202 2965.3414
9203 155.7786
9204 202.7356
9205 4328.5663
9206 293.8393
9207 148.2057
9208 147.9134
9209 149.2554
9210 4101.5653
9211 242.7770
9212 170.1793
9213 466.6417
9215 207.2746
9217 613.3448
9218 149.2984
9219 148.0666
9221 203.0774
9224 217.1427
9225 1737.0748
9227 153.1713
9228 210.1002
9229 277.7843
9230 149.7924
9231 167.7212
9232 164.0132
9233 149.0586
9234 202.0020
9236 460.6133
9237 184.6422
9238 158.9342
9239 251.6862
9240 764.5358
9242 147.4278
9244 159.9445
9245 145.4776
9248 148.1945
9249 419.8413
9250 167.6641
9253 150.4753
9254 269.1459
9255 1639.6522
9256 152.8883
9257 966.3779
9258 145.9106
9259 145.3185
9260 155.6242
9262 4337.5550
9264 223.2421
9268 151.5734
9269 599.2843
9270 162.3250
9271 168.4799
9272 151.3760
9273 194.7003
9274 149.5878
9275 173.2077
9278 147.8804
9279 145.6995
9280 313.4694
9281 186.5799
9282 2039.9444
9283 242.8838
9284 158.5298
9286 2385.8667
9288 151.2294
9294 1331.9644
9295 191.4487
9297 145.7231
9298 164.2750
9300 158.4851
9302 224.7248
9303 168.5361
9304 4239.5602
9305 149.4074
9307 192.0681
9308 145.5267
9309 180.6431
9310 197.5232
9311 149.8974
9313 167.5282
9314 193.3396
9315 163.5995
9317 221.0716
9318 160.7207
9319 203.0713
9320 155.8397
9321 250.7656
9322 1174.3635
9323 2990.2380
9324 467.8547
9325 147.3289
9329 186.7338
9330 179.3307
9331 186.7396
9333 165.0747
9334 192.2268
9335 197.7183
9337 293.8393
9338 158.7767
9340 162.7574
9342 195.0037
9344 147.0331
9345 2707.0102
9346 162.6300
9347 4134.5173
9349 151.6375
9351 147.6956
9352 307.1226
9353 150.3270
9354 4096.0408
9356 145.0335
9358 3900.3580
9359 225.2620
9363 208.3686
9364 151.7809
9365 2487.1504
9366 228.9656
9368 4183.1771
9370 154.1386
9372 4095.4092
9374 1477.9932
9375 3986.4902
9376 2530.3327
9377 145.9571
9379 218.0967
9380 204.3243
9384 570.6458
9385 339.4944
9386 146.3944
9387 144.9872
9388 158.7669
9390 3235.9317
9392 522.9573
9393 146.8064
9394 873.5802
9396 177.1132
9397 179.1198
9398 197.4854
9399 182.8844
9401 206.0496
9403 231.4686
9404 262.9861
9405 145.9703
9408 171.3295
9409 933.9937
9410 146.3165
9411 626.6778
9413 193.6361
9418 147.3255
9420 157.5104
9423 180.2265
9424 372.7301
9425 146.5992
9426 158.2784
9430 2928.4071
9431 2413.3653
9432 160.1976
9433 1452.9833
9434 442.0657
9435 2141.1641
9436 2662.4271
9437 160.3433
9438 164.0170
9439 186.7396
9440 727.2201
9441 366.9620
9442 186.7396
9444 149.6238
9445 275.1069
9446 147.6740
9447 157.9524
9448 147.8134
9449 538.0145
9450 179.0512
9451 178.4866
9452 148.2210
9453 179.5474
9454 189.0269
9456 148.2337
9458 145.5506
9459 234.4571
9461 159.5499
9463 156.8747
9465 197.4884
9467 149.0931
9468 186.9088
9469 287.2069
9471 184.9380
9474 148.7689
9477 214.2590
9479 1093.5166
9483 207.9763
9484 184.3985
9485 145.9024
9486 252.9213
9488 213.3626
9489 154.7335
9490 174.4095
9491 180.0841
9492 993.3678
9493 192.0681
9494 2547.1124
9497 174.7874
9498 1452.8037
9501 297.1607
9504 153.8672
9505 147.2800
9506 554.7713
9507 194.2840
9510 222.6001
9511 1601.9928
9512 290.1785
9514 263.8572
9515 281.6459
9516 159.8972
9517 188.5771
9518 224.5393
9520 170.4650
9521 235.3182
9523 167.9767
9525 169.4671
9526 3016.2288
9528 222.5754
9530 155.7475
9532 180.6431
9534 163.4142
9536 146.6259
9537 294.9784
9541 221.6386
9542 439.3847
9544 252.6465
9545 148.1847
9548 173.2077
9549 153.6236
9551 3242.0890
9552 230.7023
9554 170.8428
9557 148.5072
9559 148.8687
9560 147.2564
9561 176.0152
9562 465.9792
9565 176.6585
9568 335.3089
9569 3613.2356
9570 179.0512
9571 2141.1641
9572 145.8258
9573 156.3559
9574 147.9598
9575 4335.8204
9576 276.5479
9577 151.5514
9579 203.8398
9580 906.0480
9581 155.2775
9582 405.0260
9584 163.7152
9585 186.1055
9587 1403.8880
9588 1237.2129
9590 3883.6010
9591 179.0512
9594 2981.4326
9595 156.0892
9596 417.2688
9597 262.7536
9599 148.0037
9601 166.6757
9602 148.7832
9603 149.2737
9605 2659.0379
9606 333.0185
9608 1925.5149
9609 153.4618
9611 147.0365
9613 4085.2872
9616 3954.5317
9617 1729.5763
9619 180.5873
9620 146.1511
9621 151.9242
9624 210.5889
9625 148.2561
9626 244.9891
9627 191.0998
9631 221.5962
9632 404.6086
9634 203.1408
9636 327.6921
9637 282.6846
9638 2141.1641
9639 207.5728
9643 1442.7269
9645 2979.1967
9646 149.5228
9647 753.9289
9648 2161.6613
9649 145.4003
9650 149.7464
9653 158.6121
9655 2029.3798
9656 150.5456
9657 226.5304
9658 168.3429
9659 309.4418
9660 239.1993
9661 792.6090
9662 258.4839
9663 180.6431
9666 1228.3603
9667 145.5968
9669 187.6461
9672 145.7131
9674 153.1915
9677 176.8347
9678 1396.0759
9679 179.9422
9680 867.0635
9681 205.9576
9683 217.6722
9684 245.2826
9686 171.1767
9687 185.2876
9693 147.2740
9695 1687.2412
9697 2488.9759
9698 4086.6735
9699 171.4125
9700 147.1878
9701 168.5535
9702 777.4702
9703 204.6485
9704 2348.4660
9706 171.0812
9707 376.8486
9710 3145.8744
9711 274.5433
9712 237.0804
9721 1889.8574
9725 156.9048
9726 162.8014
9727 1406.9507
9730 172.7892
9731 182.3959
9733 149.6699
9734 1980.0863
9735 171.5304
9736 168.9185
9737 481.2926
9740 313.0043
9741 192.3891
9743 184.5051
9745 305.7088
9746 293.4105
9748 193.7098
9749 147.1042
9750 147.0253
9751 199.5993
9752 479.0708
9754 146.2247
9755 156.9560
9756 212.4556
9757 204.4559
9758 4206.0281
9759 1145.0883
9760 187.8539
9761 156.2874
9762 206.7236
9763 146.8427
9764 1918.6095
9765 205.7494
9768 2402.9469
9769 195.7956
9771 157.5032
9775 460.2891
9776 201.9686
9777 235.9342
9778 279.4392
9779 204.1005
9780 746.0598
9782 1145.0883
9783 147.8186
9785 227.6564
9786 298.2188
9787 165.8632
9788 1928.7750
9789 153.2688
9790 200.0214
9792 171.4719
9796 248.8782
9797 158.1776
9799 148.0758
9800 1609.4217
9801 218.0874
9803 146.0143
9804 211.5296
9805 293.4727
9806 152.7911
9807 908.0534
9808 231.3628
9809 147.4825
9811 160.3067
9812 178.4188
9814 149.3669
9815 174.6505
9816 705.4661
9817 165.1119
9818 261.6294
9819 1328.8328
9820 376.3456
9821 145.3668
9822 154.8139
9823 159.3572
9824 4152.7619
9825 207.4698
9826 159.6434
9828 146.0999
9829 349.3152
9830 186.2738
9831 149.5735
9832 146.9009
9833 204.2157
9836 247.8626
9837 175.2179
9839 145.9483
9840 231.2274
9841 197.1368
9843 156.8424
9844 156.8922
9845 4212.2335
9846 196.8282
9847 172.0325
9848 146.6411
9852 311.0091
9853 154.5485
9854 145.1153
9856 4069.5725
9858 144.6701
9859 176.6713
9860 146.0448
9862 148.1857
9863 149.9793
9864 147.3645
9865 279.0621
9867 346.8944
9868 156.9734
9869 146.0761
9871 4073.7386
9872 228.2650
9873 147.9323
9874 1450.6866
9875 147.7254
9876 174.9897
9878 239.6459
9879 194.6590
9881 163.0210
9883 241.5975
9884 182.3141
9885 2136.1124
9887 146.7728
9888 253.3917
9889 145.7081
9890 152.4260
9891 244.1428
9893 3904.3942
9894 171.8738
9896 177.8070
9898 201.9294
9899 146.0392
9900 3926.3526
9902 760.9346
9903 150.4795
9905 147.4090
9906 146.1074
9907 163.1011
9909 1002.9340
9911 354.3283
9919 210.9401
9920 179.0512
9921 213.6735
9922 156.3376
9923 229.9938
9924 154.2393
9925 193.8172
9926 638.9938
9928 190.7291
9929 171.4719
9931 171.4995
9932 156.2482
9935 145.6221
9936 3307.8148
9937 4247.6921
9941 800.5158
9943 148.9303
9944 156.0090
9945 181.8282
9947 1482.6418
9949 524.0362
9950 199.1200
9952 145.2435
9953 702.5095
9954 166.1769
9955 2783.7995
9956 3819.4857
9957 1453.2455
9958 3763.0094
9959 201.8451
9960 145.6771
9961 147.5443
9962 1178.3483
9965 683.3552
9966 215.8158
9968 251.3030
9969 170.4250
9970 1756.2183
9971 152.7942
9972 231.2735
9976 450.1878
9977 2488.2557
9978 307.9198
9980 371.1432
9982 158.9342
9983 194.2191
9985 246.1740
9986 366.8044
9987 299.7184
9989 1038.7152
9990 163.2275
9991 156.4551
9992 209.7127
9993 194.2713
9994 156.0990
9995 295.9313
9996 155.0661
9997 2108.5793
9998 152.8476
9999 149.7466
10000 192.8074
10001 1338.2456
10002 401.7537
10004 148.6886
10005 156.9070
10006 205.3300
10007 160.7207
10008 3583.2914
10009 692.1344
10010 286.3721
10011 147.8106
10012 162.4161
10013 148.1781
10015 171.1107
10018 201.5698
10021 311.0508
10022 149.7641
10024 2839.1832
10028 258.4839
10029 149.0508
10031 4239.8878
10034 234.0648
10036 293.6428
10038 230.0169
10039 3919.6992
10040 4041.5696
10041 299.4469
10044 449.5490
10045 191.1657
10046 147.4720
10048 354.7797
10049 181.6860
10050 3438.0340
10051 225.8976
10052 166.1750
10054 146.8082
10060 146.2654
10063 207.1147
10064 240.8621
10065 147.4259
10066 173.1127
10068 148.8139
10069 3953.1615
10071 192.3162
10074 156.7536
10075 280.7449
10076 152.2537
10077 2855.5501
10079 302.6748
10080 4151.4497
10083 351.4655
10084 152.0735
10085 738.8630
10086 182.4898
10087 956.2740
10088 3212.9479
10089 157.1479
10090 157.6387
10092 153.7800
10093 150.4479
10094 149.2783
10095 172.7518
10096 148.0677
10097 147.7663
10098 159.8972
10100 206.5805
10103 3512.2957
10104 145.9314
10106 3716.9012
10107 177.3720
10108 168.6078
10109 230.0565
10111 147.6590
10112 149.9200
10113 183.0928
10114 173.7613
10116 148.8534
10117 1164.2982
10118 170.5982
10119 202.0100
10120 4158.9273
10121 158.0267
10126 494.7793
10128 3481.0214
10130 3879.0465
10132 152.4139
10133 158.9342
10134 146.7126
10135 145.4794
10136 149.9920
10137 2576.4647
10138 145.8956
10139 202.1678
10140 150.5384
10141 3997.8668
10142 174.0808
10143 145.8791
10144 164.8248
10145 191.4419
10147 171.6647
10148 157.6112
10149 148.2460
10150 165.9025
10151 239.6459
10152 190.1457
10153 149.5914
10155 147.3258
10156 227.6433
10158 158.3161
10159 782.2052
10160 145.6845
10161 158.1166
10162 245.1761
10163 151.4373
10164 229.5933
10165 195.2705
10166 3722.3568
10167 149.5228
10170 174.4071
10171 158.2083
10172 3873.9799
10173 148.2574
10174 159.5375
10175 205.0391
10176 150.0833
10177 158.3513
10178 147.7717
10179 203.9196
10182 174.6166
10183 152.8114
10186 174.2148
10187 144.9823
10189 144.7936
10190 153.3899
10191 166.7863
10192 147.5493
10193 180.6431
10194 146.1432
10195 145.7445
10196 2664.3730
10200 214.5876
10201 4011.1863
10202 186.7396
10203 555.1632
10204 241.3221
10205 145.8445
10206 145.2500
10207 145.7449
10210 3977.8576
10212 228.9240
10213 191.4795
10214 4211.2099
10215 191.8585
10218 198.3490
10219 1527.2494
10220 475.0900
10221 146.0006
10222 199.4165
10223 147.2857
10224 223.5369
10225 224.0624
10226 148.7837
10227 2322.1049
10228 159.4258
10231 144.6737
10233 190.8509
10234 1635.1339
10236 200.7540
10239 173.3644
10241 320.2678
10242 618.9505
10243 203.8358
10244 164.0821
10245 149.0618
10246 229.6029
10247 583.1757
10248 192.4856
10249 148.2174
10250 172.0053
10251 155.8354
10253 149.2423
10255 153.1713
10256 539.4233
10257 215.6537
10258 220.6465
10260 237.4363
10261 202.7730
10263 191.4200
10265 471.9923
10267 789.5607
10271 157.0907
10273 1714.1079
10275 146.9468
10279 187.3266
10280 1190.8970
10281 858.8962
10284 214.1688
10285 198.0620
10289 559.4844
10290 2067.0312
10292 155.4301
10293 1776.2966
10295 179.9341
10296 151.4968
10297 357.3713
10299 177.2773
10300 148.3820
10301 153.1702
10302 153.1404
10303 150.0920
10304 149.6709
10306 151.3573
10307 146.4173
10310 499.6140
10311 224.6707
10312 205.1450
10314 201.9662
10315 2820.4964
10316 145.0417
10317 204.6991
10318 154.7801
10319 160.7207
10320 152.0236
10321 187.8615
10322 150.8356
10323 147.9265
10324 251.6425
10325 144.4846
10328 2673.1362
10329 506.5924
10330 150.3278
10332 153.3439
10334 157.9371
10336 157.7563
10337 158.3860
10338 282.2251
10341 150.6524
10342 2237.7138
10343 155.6681
10344 149.3219
10345 199.9807
10346 219.6482
10349 168.7911
10350 390.4047
10351 915.2908
10352 198.6329
10353 361.3470
10355 2691.5218
10357 145.2514
10358 177.2589
10359 2582.2019
10360 161.5875
10361 3374.1670
10363 421.0069
10364 182.5304
10367 177.3720
10368 204.2405
10370 165.9904
10371 150.1658
10374 148.8406
10375 282.1650
10376 154.2599
10377 202.9213
10378 157.5049
10379 219.9368
10380 165.1673
10382 172.2061
10385 145.1971
10386 213.0708
10387 262.0689
10389 221.8883
10390 522.0123
10391 145.5769
10394 157.8209
10395 174.8735
10396 145.8611
10399 163.7087
10400 146.2931
10401 2962.7012
10402 146.7762
10403 148.9632
10404 145.8101
10406 220.0965
10407 150.1449
10408 2160.9494
10409 190.6486
10410 1452.8037
10411 4211.2099
10412 507.7076
10414 2486.0528
10415 3696.5344
10417 164.0821
10418 149.4531
10419 146.6894
10420 186.7396
10421 146.9533
10422 205.0391
10424 151.1070
10425 167.6226
10426 1933.7262
10427 256.3589
10429 155.8542
10430 177.3555
10431 673.4976
10434 4211.2099
10435 153.4216
10437 145.2095
10438 203.3923
10439 147.9785
10440 2032.4398
10443 154.7833
10446 178.6822
10447 165.7912
10450 2463.7876
10451 234.8632
10452 213.4489
10453 1013.9178
10454 2011.8217
10457 246.8034
10459 144.8210
10461 166.0339
10462 149.4604
10463 202.0100
10464 148.4025
10466 2758.7960
10468 212.7577
10469 2820.3786
10470 281.6716
10471 3917.3045
10472 146.8298
10473 150.1908
10477 240.8018
10478 321.4132
10480 189.3787
10481 299.7184
10482 214.0102
10484 147.2558
10485 183.2260
10487 204.8146
10488 232.3966
10490 214.0753
10491 173.2077
10492 197.3243
10493 147.4794
10496 173.8233
10498 686.2663
10501 525.2332
10502 4212.2335
10503 4321.6095
10504 3933.6638
10505 169.7367
10508 158.4765
10509 651.1607
10510 158.3161
10511 147.3887
10512 164.6393
10513 1446.9372
10515 167.3032
10516 170.8483
10519 218.0874
10520 1907.9748
10522 154.6864
10523 367.8999
10524 146.9090
10526 224.7508
10527 209.9745
10528 3883.5785
10529 158.1126
10530 2621.1438
10532 152.8823
10533 233.8929
10534 187.6314
10535 315.3388
10537 147.2420
10539 171.2593
10540 201.1220
10541 172.0053
10543 211.7880
10544 147.5301
10545 157.6141
10546 199.9829
10547 153.2071
10548 3928.9177
10549 194.1813
10550 188.0416
10551 1115.8623
10552 145.7720
10553 144.5519
10556 146.8704
10558 160.2127
10560 187.6616
10561 154.4611
10562 204.9228
10563 166.6871
10564 149.8859
10565 2159.6117
10566 146.2767
10567 151.2242
10569 734.4865
10571 192.6283
10572 335.5057
10573 158.3615
10574 175.3872
10577 181.6320
10584 147.4861
10585 145.2961
10586 183.5139
10587 309.4388
10588 1797.7744
10589 146.8752
10591 449.1775
10592 147.7401
10593 2908.3413
10595 3756.5137
10596 1630.0256
10598 189.1799
10601 182.8798
10602 165.2655
10603 243.1179
10604 162.3184
10605 266.8115
10608 2945.3443
10610 162.8598
10612 195.4523
10613 171.6647
10616 186.7351
10617 774.6671
10618 205.8997
10622 2854.0971
10623 3551.5708
10624 145.8563
10625 189.3681
10627 897.0486
10628 192.1477
10629 259.3531
10631 1807.2006
10633 147.5512
10634 2436.6624
10636 227.9192
10637 222.3185
10638 152.0480
10640 181.6797
10641 160.2230
10643 3512.7310
10644 150.3039
10646 168.5356
10647 158.5134
10648 152.5860
10649 153.9245
10650 208.1105
10651 188.3466
10654 253.2158
10655 151.6415
10657 145.9477
10658 164.8711
10660 166.7505
10661 147.8572
10663 155.5592
10664 181.7714
10669 335.5057
10671 164.7762
10673 1145.0883
10675 182.8798
10676 249.4982
10678 146.4041
10679 147.2233
10680 148.6361
10681 185.9215
10682 150.4150
10683 186.7396
10684 146.6992
10685 146.5513
10686 148.6586
10688 148.2937
10689 148.1721
10690 151.1171
10693 150.4824
10694 147.9089
10695 202.8503
10696 147.7541
10697 204.1157
10698 164.6311
10699 365.6562
10700 244.9930
10701 1969.4618
10702 2803.0672
10704 147.6575
10705 193.2898
10706 151.8469
10707 144.8479
10709 2216.6318
10711 343.3737
10712 198.7456
10713 235.0535
10714 248.7259
10715 187.1554
10716 1111.0758
10717 153.9942
10718 158.3468
10719 156.2861
10720 268.9370
10721 4241.8337
10723 176.8032
10727 171.4719
10728 191.8528
10730 1821.4232
10733 238.7886
10735 202.8926
10736 228.6569
10737 395.9038
10738 161.5795
10739 3693.9079
10740 163.4140
10741 153.2857
10743 940.8885
10750 199.5746
10751 2981.9133
10752 222.0198
10755 338.4383
10758 152.8874
10759 175.9065
10760 146.4810
10761 348.5052
10762 248.7126
10765 263.3259
10768 235.7519
10770 277.5319
10771 1888.6178
10773 152.3411
10774 154.1832
10776 213.4981
10777 157.3361
10778 1675.1015
10779 149.6958
10780 3599.6206
10781 180.6431
10782 311.0508
10783 1162.1292
10785 688.0141
10787 3251.4170
10788 257.8375
10790 194.8215
10791 248.8513
10792 239.2645
10794 206.9607
10796 154.8157
10797 2141.9004
10802 453.7351
10803 1145.0883
10804 179.4257
10806 293.8393
10807 172.0104
10808 194.1813
10809 517.0637
10810 145.9075
10811 2105.6055
10812 478.9514
10814 146.8955
10815 3974.6387
10818 161.4993
10820 233.3853
10821 1861.0071
10822 157.1985
10823 146.9417
10825 166.4807
10828 792.6787
10829 206.9570
10831 188.6712
10832 868.6685
10835 224.8932
10836 241.5746
10838 4035.7824
10839 327.0469
10840 164.8631
10841 157.8723
10842 151.5081
10843 199.2960
10846 149.2492
10847 185.4477
10848 149.0764
10852 185.2897
10853 169.2775
10855 156.4021
10856 292.7406
10858 184.6422
10859 147.8004
10860 382.1447
10861 209.1573
10862 146.3160
10863 146.5874
10864 147.6417
10865 3816.6763
10866 503.5099
10867 3754.7299
10868 2079.5174
10869 905.6158
10870 159.2823
10871 391.5624
10874 2552.5580
10875 146.2031
10876 1752.2575
10877 188.4940
10878 150.3934
10879 145.2022
10880 164.5316
10881 145.5707
10882 146.0927
10883 590.9488
10884 157.8344
10886 3119.4624
10887 168.9512
10888 3280.6130
10890 392.9800
10892 154.6057
10893 148.5840
10894 1704.4963
10895 912.6954
10896 194.6354
10897 145.3369
10898 219.5138
10899 182.7248
10900 2321.2054
10907 1616.8734
10908 177.4145
10910 249.4670
10911 153.3179
10912 2739.2906
10913 154.8553
10915 1768.1242
10916 352.0882
10917 217.8961
10918 207.1094
10921 1084.3912
10923 145.7805
10924 712.3948
10925 265.8538
10926 166.4685
10927 198.4601
10928 205.5239
10929 151.7135
10930 146.0171
10931 321.1981
10932 3996.5218
10933 155.2134
10934 207.5728
10935 257.9149
10936 147.0749
10938 226.9470
10940 146.3712
10941 269.6596
10943 211.6006
10945 4131.2215
10946 148.9874
10947 998.1082
10948 147.0669
10951 377.6988
10952 145.8210
10953 251.6399
10954 999.4829
10955 155.7836
10957 260.2839
10958 439.0937
10959 170.4135
10960 147.7855
10961 145.9314
10962 145.4776
10963 146.5419
10964 207.0972
10965 199.4063
10967 336.7234
10968 3929.8737
10969 146.8079
10971 161.1186
10973 188.0259
10974 171.8753
10975 247.2473
10976 172.5121
10978 384.2355
10979 170.7493
10980 1661.4684
10982 147.9917
10983 159.5461
10985 249.9097
10986 149.8691
10987 148.7750
10988 187.1832
10989 3910.6844
10995 145.2115
10996 1607.5474
10998 164.4788
11001 2182.0559
11002 157.5306
11004 210.7658
11007 327.6838
11008 315.0116
11009 171.8810
11010 227.9192
11012 178.1040
11013 146.3712
11014 146.4237
11015 512.0589
11017 688.0141
11018 1336.0996
11019 170.7058
11021 201.3342
11022 401.6324
11023 394.6287
11024 147.1601
11025 150.3666
11027 3910.6844
11028 557.5555
11029 1831.1785
11030 223.9661
11034 203.9196
11037 249.0822
11039 3196.0226
11040 175.3668
11041 145.3543
11043 411.7100
11044 229.7802
11045 183.5274
11050 257.2204
11051 170.8168
11052 144.9738
11054 154.3393
11056 251.4638
11058 264.2580
11059 1615.9598
11060 147.8691
11061 149.6935
11062 179.0512
11064 153.1720
11065 534.0121
11066 528.1776
11067 1417.8528
11070 270.4685
11071 292.8390
11074 146.8136
11075 147.6841
11076 155.5986
11077 171.6367
11078 202.6336
11079 146.0364
11081 190.8233
11084 3513.4242
11086 260.6250
11087 146.5396
11088 175.1602
11089 2591.6656
11090 176.3757
11091 179.0512
11092 146.0950
11093 153.4232
11094 1800.8629
11096 151.4204
11097 236.6936
11098 172.0749
11099 4270.1312
11100 320.0450
11101 176.7650
11103 155.1159
11105 203.8398
11108 162.8697
11110 235.9418
11112 145.8593
11113 151.4695
11114 147.2420
11116 150.5691
11117 253.9454
11118 146.7921
11119 161.1863
11120 199.8568
11121 153.3630
11122 165.6419
11123 147.7074
11124 181.6970
11126 404.8285
11127 146.7194
11128 175.5770
11130 2125.8607
11131 203.7133
11132 149.3311
11137 2927.5277
11140 240.8018
11143 274.6355
11144 147.1669
11145 267.8481
11146 261.3344
11147 158.3161
11150 238.0696
11151 146.8610
11152 146.2855
11153 168.5594
11154 1859.0400
11155 238.5436
11156 198.6028
11157 171.5426
11158 158.6236
11160 145.6500
11163 197.5232
11164 1636.9016
11165 257.8402
11166 186.6469
11167 353.6578
11168 1406.8673
11169 196.7226
11171 3239.5579
11172 194.1813
11173 145.9117
11174 282.3438
11175 212.7577
11176 147.9451
11177 186.5193
11178 148.7967
11179 2646.8863
11180 172.8138
11181 218.0874
11183 4152.7619
11185 216.6179
11187 147.8269
11188 256.2031
11190 146.2283
11191 190.7291
11194 158.0646
11195 268.7630
11196 183.6864
11199 147.4251
11200 149.1637
11201 518.6952
11202 191.9518
11203 3794.7196
11204 222.0764
11205 152.4052
11206 159.5158
11207 180.4107
11210 158.3785
11211 238.9056
11213 150.5965
11215 3941.6869
11216 185.4951
11219 217.3474
11220 215.2855
11223 1539.1396
11224 1434.7298
11226 3990.6016
11227 278.7038
11228 184.6818
11229 4236.6115
11230 166.5205
11231 158.4468
11232 150.3031
11235 187.2814
11236 3694.2460
11237 149.9381
11238 217.5779
11240 155.2608
11242 178.9052
11244 3614.6711
11245 147.6185
11246 1363.1433
11247 281.8433
11248 572.3986
11251 158.9342
11252 157.1563
11254 152.6221
11255 147.2207
11256 146.6911
11257 291.5392
11258 3775.0094
11259 151.0982
11260 191.5305
11262 184.1043
11263 3428.8642
11265 204.2521
11266 428.0038
11268 167.2395
11269 1797.8683
11270 145.2670
11273 3908.9677
11274 276.0230
11275 191.9615
11276 173.0887
11277 946.6053
11278 150.6397
11279 169.6547
11280 3704.8522
11281 152.4044
11282 4187.9001
11287 204.1669
11288 3666.9203
11289 147.5265
11290 146.0079
11292 199.6300
11293 181.7612
11294 346.0597
11295 288.0809
11296 152.8980
11298 181.1640
11300 241.4688
11301 231.4807
11302 3944.4797
11305 971.2516
11307 155.6197
11308 1695.1784
11309 152.0222
11313 153.1720
11314 148.8057
11316 238.9056
11317 186.7396
11318 1632.3238
11319 178.7692
11320 234.8141
11321 213.1538
11322 145.4794
11323 820.1182
11324 154.7514
11325 269.4282
11326 158.3291
11327 175.1854
11330 274.4765
11332 3883.5785
11333 1756.2183
11334 199.9228
11335 250.9756
11338 156.9540
11339 2136.0608
11340 3624.8382
11341 149.1792
11344 442.0657
11345 165.6778
11346 2518.6004
11349 147.9710
11351 264.1307
11353 164.4028
11355 148.4921
11357 148.8918
11358 4158.4919
11363 4305.8668
11364 273.4743
11369 173.2077
11370 3917.3045
11371 147.5466
11372 155.6868
11373 146.0195
11374 146.4468
11375 147.1966
11376 194.0634
11377 147.8122
11378 1293.0830
11380 148.1309
11381 3497.9075
11382 1509.1668
11384 3993.4576
11386 145.5267
11390 150.1946
11391 159.0913
11392 2152.0012
11393 161.7086
11394 158.5563
11395 260.2839
11396 181.7714
11397 2677.3601
11399 159.8545
11400 157.5788
11402 155.4300
11405 151.5956
11406 147.7264
11407 184.3942
11408 2717.6491
11409 201.9294
11410 3910.6844
11411 145.8563
11413 794.3596
11416 4097.5202
11417 154.6243
11419 1635.1339
11421 146.9594
11422 210.9401
11423 179.0512
11425 255.8187
11426 792.4127
11427 2868.7000
11428 154.5570
11429 179.0512
11431 1989.6093
11432 683.9356
11433 219.4713
11434 200.5134
11435 176.3977
11436 2652.7422
11437 202.5335
11438 199.6006
11439 193.0074
11440 172.2054
11441 4096.6729
11442 270.7487
11443 193.8736
11445 167.5303
11448 4007.9675
11449 2140.6602
11450 159.5122
11451 2676.0736
11452 155.3348
11453 248.2443
11456 355.8757
11458 145.6695
11460 169.1547
11463 162.2140
11465 233.1198
11466 147.3936
11468 146.3692
11469 163.8227
11470 184.2211
11472 1682.9364
11475 191.9615
11477 240.8197
11478 173.6895
11480 873.1977
11481 183.0164
11482 160.1878
11483 155.8675
11484 146.9733
11486 156.4015
11487 2726.0841
11490 2549.9565
11491 172.5729
11492 2402.5535
11493 723.3420
11496 148.4829
11497 194.6523
11498 148.5374
11500 183.3108
11502 247.1202
11504 149.5274
11505 205.0391
11506 189.3837
11507 3591.4334
11509 205.7494
11511 151.5423
11512 145.7286
11514 145.5951
11516 235.6563
11517 2614.2617
11518 3751.0621
11519 4177.4580
11520 2156.0092
11521 154.0169
11525 191.5370
11526 146.2213
11527 186.7396
11529 188.8578
11531 3157.1609
11532 202.0100
11533 150.0697
11534 158.3291
11535 235.7866
11536 204.9707
11537 542.8045
11538 231.7968
11540 164.6899
11541 258.4839
11542 157.8209
11543 149.7707
11544 1300.3838
11545 253.6069
11546 203.8123
11547 227.6818
11548 154.9205
11549 3841.1268
11550 3258.3606
11551 1149.7296
11552 1632.3238
11556 185.8709
11557 152.5023
11558 200.5498
11561 144.9964
11563 202.7315
11569 154.1407
11572 196.2670
11573 155.8045
11576 461.0491
11577 288.3589
11578 250.7737
11580 152.7667
11582 721.9138
11583 751.7546
11584 153.2168
11585 162.9568
11586 147.2470
11587 3908.9677
11588 210.2741
11589 145.6500
11590 1210.8207
11591 3695.7500
11592 243.5941
11596 287.6201
11597 2222.3299
11598 206.8271
11599 192.2628
11600 272.0336
11601 267.2682
11602 218.1750
11603 148.2218
11604 206.5503
11605 185.5167
11606 185.7940
11607 2186.6465
11608 146.1521
11611 145.9891
11613 3244.0511
11614 146.6058
11615 146.1483
11616 157.8344
11617 147.3580
11618 211.5296
11619 155.7786
11620 185.7706
11622 168.0238
11623 155.5250
11626 229.0732
11627 3599.1281
11630 152.7603
11631 152.9882
11632 146.8790
11633 150.7078
11635 196.8137
11636 238.1477
11637 1762.7348
11638 146.7946
11639 177.3626
11641 270.9596
11642 182.4898
11647 147.4217
11650 236.2146
11651 1593.0271
11652 195.7549
11655 1416.1680
11656 151.9982
11657 146.0403
11658 223.5338
11660 205.0391
11661 154.1867
11663 150.5701
11664 145.9014
11665 180.6431
11667 149.0192
11669 158.5601
11672 205.3837
11673 148.5840
11675 147.3180
11676 218.2515
11678 203.1974
11680 147.7270
11682 179.0512
11683 202.8531
11685 234.1698
11686 263.8572
11687 359.7077
11689 4090.4629
11692 209.0144
11693 210.9715
11694 159.3572
11695 147.8461
11696 145.6437
11698 1476.4709
11699 145.8961
11700 176.2227
11701 160.2440
11702 209.4882
11703 179.0512
11704 147.2770
11707 171.9300
11708 148.5040
11709 1823.6630
11711 161.3305
11715 3986.4902
11717 155.2728
11718 2290.4341
11719 145.7528
11720 154.1669
11723 209.0837
11726 152.0713
11728 303.7943
11729 2873.4668
11730 186.4986
11731 197.1756
11733 147.7934
11734 145.1585
11735 1336.8800
11736 147.6723
11737 178.9282
11738 165.4090
11739 153.9444
11741 187.8047
11742 186.7396
11745 145.8729
11747 1388.4507
11750 4216.1061
11751 2651.4374
11752 577.4345
11754 159.5340
11756 146.1255
11757 186.2800
11759 171.6005
11760 151.9155
11761 145.9424
11762 151.9632
11767 284.8635
11768 219.1288
11769 154.4544
11770 148.7612
11771 190.6926
11773 161.6053
11774 147.5526
11777 201.0696
11778 147.4056
11779 160.6333
11781 1145.0883
11783 197.6637
11784 146.4342
11786 146.0625
11787 244.9930
11789 149.3889
11790 4235.8755
11793 286.9884
11794 149.4491
11796 206.2618
11797 1978.5703
11799 186.7299
11800 1211.2461
11801 150.4935
11802 182.7647
11805 1169.0835
11806 199.9741
11808 198.7456
11810 320.5481
11811 248.6450
11812 180.6431
11813 153.2808
11814 177.9729
11816 3184.6258
11818 163.0099
11819 3942.9633
11821 229.2409
11822 164.6393
11823 981.2393
11827 165.2746
11829 211.2928
11830 189.3056
11832 200.0214
11834 145.8696
11836 205.3812
11838 154.8039
11840 166.5270
11841 250.7014
11842 252.4260
11843 224.9853
11844 152.8766
11845 271.6533
11846 243.9892
11849 173.9963
11850 691.8798
11851 248.9008
11853 149.9643
11858 147.3472
11859 170.5564
11860 1637.3067
11861 179.0512
11862 1802.8329
11863 156.8931
11865 146.2674
11866 145.7669
11867 317.8183
11868 186.2452
11869 3837.2229
11870 1766.2899
11871 171.5374
11872 150.8748
11873 199.6006
11874 148.6035
11875 284.5884
11876 678.9944
11878 148.2294
11880 248.7259
11881 289.5349
11883 253.1946
11885 148.4683
11887 145.1747
11888 1154.7284
11889 146.6328
11891 190.4193
11893 146.3434
11895 158.5298
11897 152.8144
11898 3815.7170
11900 152.4246
11902 3391.4433
11903 3500.0467
11905 2372.0793
11906 167.4314
11907 183.8512
11908 2464.3569
11909 147.8614
11910 279.3946
11914 3790.4251
11916 178.9465
11918 145.9314
11919 146.6050
11920 146.5905
11921 3252.9033
11923 180.0022
11925 175.0520
11926 176.5424
11927 383.7198
11928 173.2077
11929 515.2157
11930 167.4081
11933 201.9294
11935 175.6768
11937 153.1030
11938 157.7376
11939 2614.4024
11940 151.6659
11941 172.7241
11942 145.7018
11943 206.7236
11944 147.9061
11945 2743.4126
11946 146.2990
11948 147.8802
11949 436.3127
11950 146.6033
11951 239.8239
11952 206.9939
11953 164.0985
11956 2942.7847
11957 182.6240
11958 158.1336
11959 150.4241
11961 587.1381
11962 187.6196
11963 154.0975
11967 146.0940
11968 224.5623
11973 325.1338
11974 194.6638
11975 149.6535
11977 253.4193
11978 211.0468
11981 191.2350
11983 201.9294
11984 222.8200
11989 174.8308
11991 204.0953
11992 146.6745
11994 3919.3746
11995 205.0391
11996 2750.5251
11998 145.5630
11999 148.4137
12000 185.1048
12001 145.2627
12002 203.1408
12003 344.0833
12004 197.3760
12006 152.8405
12008 569.3469
12009 145.3022
12013 156.4291
12015 180.6431
12016 167.7729
12017 165.9483
12018 153.2343
12019 501.5381
12021 150.5492
12024 184.5658
12026 152.6710
12027 244.6360
12028 356.2912
12029 713.9789
12030 169.3695
12032 247.3146
12033 772.6475
12034 248.9835
12035 272.2045
12036 352.2157
12037 149.7559
12038 218.2784
12039 188.8119
12040 188.3548
12041 448.7827
12042 146.9433
12045 489.0298
12046 149.9697
12047 258.4839
12048 176.3299
12049 334.7965
12051 3916.1973
12053 149.4030
12054 168.5919
12055 216.8515
12056 305.4593
12057 146.6012
12058 202.2322
12062 147.9490
12063 4147.1676
12064 147.0792
12067 146.0473
12069 3194.1811
12070 475.5932
12071 143.8178
12072 158.1336
12075 151.9807
12076 209.9871
12080 185.0524
12081 152.2979
12082 149.6824
12083 164.0821
12085 238.6915
12087 2802.1458
12088 289.0687
12090 145.7960
12094 257.8402
12098 192.8074
12101 147.3107
12102 218.0874
12103 147.9040
12104 191.8585
12106 148.1341
12107 259.8463
12109 145.6408
12113 147.3751
12114 191.9406
12115 144.6076
12116 184.9422
12118 451.2503
12119 220.1419
12120 212.0061
12122 155.0456
12124 147.3016
12126 145.4523
12127 259.4679
12129 149.0466
12130 617.5163
12133 198.0996
12135 148.2035
12136 905.6158
12137 2104.8201
12138 148.9439
12139 234.2253
12140 602.2560
12141 147.3998
12142 394.8828
12145 169.6960
12146 145.1753
12147 2217.5375
12148 149.1644
12149 156.2210
12150 150.2004
12151 216.8607
12152 186.1718
12153 144.9923
12154 1518.8494
12155 145.4553
12156 155.2835
12157 293.8393
12158 230.8749
12159 215.0893
12160 228.0401
12162 146.9188
12163 146.2990
12166 274.8547
12167 197.6268
12168 241.1470
12170 156.1794
12171 504.7973
12175 647.1054
12178 277.3016
12179 349.4549
12181 232.9272
12182 2099.6376
12184 330.3378
12186 162.1817
12189 2955.8106
12190 2114.9748
12191 1096.3459
12192 320.5389
12193 776.1241
12195 180.4780
12196 166.0302
12197 188.2425
12198 3803.8963
12199 2225.2819
12200 152.9957
12202 155.2963
12204 155.5812
12205 147.9632
12206 159.8852
12207 861.1868
12208 240.8018
12210 163.5995
12211 4212.5962
12212 147.0569
12214 146.7159
12215 223.8241
12217 150.0318
12219 437.5257
12221 148.1365
12222 727.0211
12223 156.9997
12224 250.3441
12225 147.1903
12226 660.1335
12227 543.5285
12228 3099.9417
12229 147.8989
12230 175.0098
12231 145.4076
12233 175.9794
12234 147.5968
12238 161.7588
12240 171.4719
12241 176.3299
12242 146.7588
12244 3030.3067
12245 3851.8492
12246 545.1107
12247 145.1712
12249 3410.8823
12250 3940.8934
12251 148.2957
12253 146.9148
12254 148.8035
12259 186.7396
12260 2556.1274
12261 4262.6815
12262 161.2208
12264 152.9241
12265 160.8333
12266 189.5401
12267 315.8286
12270 150.4847
12272 282.3637
12274 148.8949
12275 149.0638
12276 264.3617
12278 2913.1361
12280 228.6905
12281 148.3090
12282 148.0903
12283 305.0406
12284 209.0673
12288 577.9933
12291 146.0267
12292 244.9780
12293 244.9323
12294 167.9054
12295 152.7217
12296 1378.0264
12297 152.9727
12298 199.1730
12299 148.3865
12301 3501.8732
12302 145.8175
12303 4052.3752
12304 153.1564
12305 1108.6489
12306 360.2568
12307 1333.3113
12308 180.6431
12309 392.4791
12310 240.8197
12312 1545.8480
12314 159.7314
12315 196.0638
12316 209.4327
12318 146.8064
12319 171.7215
12321 281.1050
12322 789.5607
12323 169.9031
12324 151.8353
12325 178.7513
12328 222.6321
12330 167.2475
12331 156.7546
12332 2780.5407
12334 147.6998
12337 153.5701
12339 244.5457
12340 147.5803
12342 1881.7631
12343 154.6069
12344 210.1807
12345 145.6437
12346 147.4549
12347 151.7744
12348 149.8757
12349 4133.5075
12350 3841.0689
12353 145.8563
12354 573.8048
12355 2469.3062
12357 158.5619
12358 163.6957
12359 245.9877
12361 1172.0258
12362 149.9675
12363 3236.4898
12364 228.4687
12367 521.6858
12368 686.0111
12369 147.5842
12370 895.3353
12372 1882.2507
12374 218.4982
12375 189.8025
12378 1347.7381
12379 153.8654
12380 149.2653
12381 205.8656
12382 203.1974
12383 193.6482
12384 161.2509
12385 205.7494
12386 3131.3450
12388 255.2252
12389 267.2682
12390 1509.9608
12391 148.2600
12392 408.2094
12393 150.7106
12394 159.7563
12395 3878.5230
12396 147.4217
12397 188.0758
12398 207.9763
12400 160.1706
12401 156.6205
12403 192.4132
12404 168.8163
12406 155.9291
12408 3568.4078
12411 226.1493
12412 147.5730
12413 146.2259
12419 217.8960
12420 1805.2050
12421 676.2201
12422 180.6431
12424 147.1347
12425 373.2848
12428 152.5229
12429 148.5857
12430 170.8674
12432 203.5142
12433 4107.6709
12434 236.6936
12435 148.0429
12436 547.2428
12437 3914.6414
12438 145.0477
12439 155.3684
12443 392.8620
12444 180.3833
12445 2586.3463
12446 181.4941
12447 163.4557
12448 211.2928
12449 145.1532
12450 186.5122
12452 162.3322
12454 215.8492
12456 251.2717
12457 292.8767
12458 2132.8743
12459 230.2547
12461 203.9490
12463 4237.3119
12465 3434.0289
12467 155.7751
12468 210.0087
12470 193.8736
12472 162.4239
12474 168.9056
12475 228.0403
12476 203.1974
12477 161.3859
12478 326.4170
12479 266.8059
12483 179.0512
12485 160.2440
12486 295.6149
12487 144.3663
12488 147.0506
12490 1543.5620
12492 147.2019
12495 252.8048
12496 3073.0706
12498 247.7942
12499 4211.0921
12500 167.1585
12501 170.4850
12502 180.6431
12504 316.7507
12505 215.3158
12506 3487.6547
12509 307.9639
12510 144.9792
12511 221.6182
12513 798.6819
12517 2283.4763
12519 147.1499
12520 3457.5682
12522 3127.8646
12523 184.6272
12525 218.3240
12527 4177.4580
12528 187.6196
12529 147.5668
12531 195.9558
12532 186.4726
12534 264.2045
12536 773.9432
12537 3763.0094
12538 146.1364
12541 221.5511
12543 228.2414
12544 745.0926
12545 185.3968
12546 211.1057
12547 173.9125
12551 179.0512
12552 238.5436
12553 289.0687
12554 145.8427
12555 157.8631
12556 183.4779
12558 400.8578
12562 177.9023
12563 147.1527
12565 194.6488
12566 163.5995
12567 151.7760
12568 325.8353
12569 458.4309
12570 172.2054
12571 290.2824
12572 161.2645
12573 229.2793
12574 3452.6421
12575 147.6099
12578 148.8570
12579 4211.0921
12581 2723.0747
12582 186.9336
12583 171.6696
12584 290.8506
12586 828.8440
12587 1931.2959
12589 261.7052
12590 150.8538
12592 217.9925
12594 203.9196
12596 233.7764
12599 3624.5975
12601 300.9503
12602 251.2093
12603 145.8492
12606 195.4680
12607 700.9804
12608 548.3856
12609 147.2122
12611 583.7729
12612 178.6766
12613 146.3770
12614 2150.8383
12615 3744.1510
12617 156.0262
12618 146.5808
12619 574.5349
12620 237.8119
12622 154.0517
12623 151.7884
12624 887.7930
12625 312.5759
12626 145.4201
12627 2843.2034
12628 194.7083
12629 343.4984
12632 896.0523
12633 185.4125
12634 156.6488
12635 147.1939
12636 222.3763
12637 1127.9035
12638 1484.1944
12640 241.7014
12641 148.8099
12643 169.1560
12644 499.1677
12645 215.4167
12647 170.6302
12648 170.5664
12650 1031.9580
12651 1175.4923
12652 164.2054
12655 153.1203
12656 183.8668
12658 150.5406
12659 3178.8663
12660 2676.7668
12662 194.8184
12663 253.2168
12664 1319.0178
12665 295.9313
12666 4095.4092
12668 184.1590
12669 170.2603
12671 167.1796
12672 3953.1615
12673 402.7517
12676 213.9169
12678 294.2237
12679 1877.0392
12680 188.8054
12682 1373.8651
12683 147.0400
12684 3449.4066
12686 147.4216
12687 422.1660
12688 145.7848
12689 3758.0495
12690 205.8843
12691 152.0456
12692 189.2922
12694 279.0561
12695 2108.5793
12698 1593.8438
12699 146.8933
12700 1668.8156
12701 2865.0714
12702 186.0566
12703 2125.8607
12705 3693.9079
12706 153.4559
12708 763.4309
12709 157.0560
12712 182.8798
12713 173.0301
12714 190.7291
12716 158.6968
12717 1485.6625
12721 171.1618
12722 280.9738
12723 150.8666
12724 204.3902
12725 147.3824
12726 149.8891
12727 2783.3219
12728 172.0411
12730 164.7668
12731 146.1584
12733 219.9836
12734 3061.2290
12735 856.3805
12736 228.7712
12737 191.0530
12738 4158.2036
12740 3662.2342
12741 211.7880
12742 157.0719
12743 156.3967
12744 177.3720
12746 827.7414
12747 222.8508
12749 3560.0819
12750 691.3640
12751 187.6022
12752 3575.0341
12753 164.6079
12754 227.3864
12755 145.1001
12758 3782.0110
12759 253.4193
12761 351.2837
12763 247.5700
12766 173.2077
12767 150.2652
12769 146.7153
12770 194.5565
12771 172.8173
12772 158.3674
12773 159.5158
12774 145.0477
12775 212.5255
12777 147.9020
12778 601.5041
12779 237.5538
12780 173.0887
12781 2631.4216
12784 350.4808
12785 300.7531
12786 179.4712
12787 666.1188
12788 2422.7422
12789 168.7775
12790 181.2870
12791 3301.9478
12792 194.5153
12793 207.4988
12794 180.8835
12795 147.3550
12797 201.4644
12798 172.0749
12799 996.2078
12801 472.9471
12805 1516.0105
12806 147.5612
12807 2288.2374
12808 178.2192
12811 147.3878
12812 622.0479
12813 153.3129
12814 893.8851
12816 149.1791
12817 188.7571
12818 317.3614
12820 632.0092
12823 146.5095
12824 3161.4368
12825 633.7590
12826 152.2176
12827 169.8236
12829 230.6517
12831 173.2077
12832 144.7833
12834 244.1243
12836 404.4691
12838 153.1713
12839 345.1408
12841 148.7812
12842 298.3424
12846 3681.6624
12847 148.9433
12848 3552.5676
12850 164.7015
12853 157.1092
12854 247.9103
12855 216.6161
12856 151.2154
12857 174.6915
12862 247.0456
12863 274.4448
12865 193.0233
12866 3165.8597
12867 925.6614
12868 389.4258
12870 963.1538
12871 2083.2639
12872 185.8261
12873 4100.6712
12874 179.0512
12877 310.2663
12879 168.8084
12880 151.7097
12882 149.0536
12883 210.9006
12884 765.6097
12886 236.3897
12888 185.9035
12889 186.8378
12890 151.5653
12891 231.6554
12892 154.0488
12897 149.8225
12898 3822.8274
12899 242.5066
12901 170.7920
12902 163.6064
12903 170.2331
12907 156.2195
12908 192.2079
12909 1219.4729
12910 339.8411
12911 158.6679
12912 200.7113
12914 169.4550
12915 754.1822
12916 148.7475
12917 207.9678
12918 1439.9175
12919 152.1594
12921 169.6756
12922 276.5216
12925 147.0999
12927 641.1357
12928 171.8086
12929 765.6097
12930 145.6408
12931 146.8687
12932 150.8641
12933 257.8311
12934 214.4009
12937 151.3609
12941 165.5625
12942 230.6672
12944 259.8499
12945 2088.7123
12948 154.3067
12950 3291.1907
12951 232.1021
12952 295.2503
12953 336.2964
12954 208.0300
12955 681.5739
12956 208.9848
12957 1095.7813
12958 148.6132
12960 155.1943
12961 181.5502
12962 2467.0428
12963 179.7267
12965 152.7624
12969 1325.6834
12970 1681.3244
12972 186.4883
12973 368.2652
12974 2024.8422
12975 3916.7093
12976 225.9750
12977 168.5535
12978 166.3039
12979 181.7714
12980 301.8011
12981 1211.2461
12982 159.4464
12983 180.1043
12984 4217.0857
12988 197.7435
12989 147.2685
12990 161.1760
12994 600.0339
12995 724.1368
12996 225.2639
12997 290.8168
12998 178.7692
12999 176.8032
13003 149.7369
13004 323.5696
13005 194.0278
13006 213.9169
13009 2285.9867
13010 211.7880
13012 215.2122
13013 151.1293
13014 1470.0040
13015 190.5493
13016 4239.8878
13017 247.0286
13018 3016.1978
13022 174.0377
13023 189.9971
13024 586.2230
13025 147.8501
13026 283.5195
13027 150.5590
13028 165.2826
13032 151.6379
13034 146.6575
13035 1805.6096
13036 148.2178
13037 1142.5020
13038 1011.5954
13039 199.1846
13040 169.4550
13041 770.1562
13042 183.0577
13043 254.9927
13045 4158.2036
13046 175.0496
13047 190.5239
13048 350.6011
13051 208.2568
13052 1844.2273
13054 227.8434
13055 150.5691
13056 3494.4008
13057 180.0400
13058 148.4970
13060 178.5450
13062 151.4472
13063 154.7487
13064 151.2588
13065 319.5611
13066 152.3356
13067 147.3572
13068 217.2153
13069 145.9701
13071 159.0842
13072 146.5290
13073 167.7067
13075 183.4608
13076 147.6117
13079 155.8372
13082 156.9159
13083 146.7889
13092 152.8874
13094 1508.2742
13095 153.2091
13097 172.2763
13098 147.4040
13101 334.5079
13102 146.2934
13105 2229.1336
13106 4072.4767
13107 225.1048
13108 230.6624
13109 177.3555
13110 186.7351
13111 153.3333
13112 201.7315
13114 152.4737
13115 179.2403
13116 2025.6558
13119 1304.1677
13120 169.4550
13121 148.6426
13122 4214.6772
13123 155.5347
13124 148.2797
13126 2556.6067
13127 255.6328
13128 204.0969
13130 1458.0311
13131 1831.1785
13132 2627.1468
13133 161.3092
13134 171.5427
13135 189.1308
13136 301.6068
13137 782.5842
13138 150.3527
13139 177.0808
13140 1721.9569
13141 252.3672
13142 2194.0098
13143 1648.3753
13144 3933.6433
13146 175.9171
13148 146.7162
13149 177.9886
13150 638.3798
13152 164.3930
13153 152.4454
13154 194.5806
13155 179.2372
13157 187.5966
13158 163.4071
13159 830.4382
13160 230.4198
13162 199.1564
13163 819.1447
13166 179.9154
13167 185.1427
13168 165.7447
13169 179.5490
13170 1195.7227
13171 645.6656
13173 1903.5365
13174 488.0210
13175 157.8344
13178 171.4719
13179 3430.8959
13181 238.4094
13183 549.3672
13184 392.2797
13186 4236.6115
13187 257.0937
13188 170.5852
13189 158.3291
13190 163.9457
13191 156.4984
13192 165.2020
13193 169.6475
13194 169.4461
13195 233.2635
13197 264.9429
13198 147.1997
13199 147.2419
13202 1204.4307
13203 240.8018
13205 147.2904
13207 147.7252
13208 3565.4528
13209 4209.7058
13212 157.5410
13213 169.2667
13217 146.4080
13218 3669.6023
13219 250.2108
13220 149.2105
13223 1130.0881
13225 836.1747
13227 165.6395
13228 147.9610
13229 194.1847
13231 208.2037
13233 145.7125
13234 204.6392
13235 153.4209
13237 148.5789
13241 1309.0678
13242 258.4839
13243 4135.1819
13245 262.4142
13250 151.0525
13251 190.5377
13252 211.8807
13253 148.4954
13254 216.3724
13255 156.4858
13256 227.9876
13257 145.6695
13258 187.6093
13259 4129.2485
13260 186.1055
13261 267.2789
13262 354.1842
13265 643.3518
13267 150.8373
13269 177.8483
13270 235.3182
13271 149.4924
13272 192.5855
13273 255.8243
13274 679.3560
13276 165.6395
13277 232.8940
13279 447.0649
13281 162.9103
13282 151.2000
13283 156.2911
13284 2462.0149
13285 150.7896
13288 206.9749
13289 217.2578
13290 170.6280
13291 345.6730
13292 1145.0883
13293 2247.9628
13294 209.9422
13295 191.0848
13297 147.0767
13299 171.4966
13301 189.6509
13302 214.0815
13304 998.2615
13307 156.6510
13309 148.9795
13310 165.4573
13311 151.6751
13312 158.5332
13313 182.4138
13314 243.5903
13316 212.8729
13317 148.6960
13319 3897.5428
13320 205.8666
13321 203.9490
13322 145.0353
13324 2539.3697
13326 195.4360
13327 145.2115
13328 224.2797
13330 210.2746
13332 323.7028
13333 163.4946
13334 179.0512
13335 318.2435
13338 166.0955
13339 2162.0205
13341 279.2998
13342 169.9178
13343 144.9952
13344 145.4076
13345 802.2556
13346 295.3569
13347 163.1866
13348 171.9483
13350 3738.2264
13351 263.7973
13354 149.4500
13355 145.7782
13356 162.5874
13357 199.5073
13358 189.3529
13359 3910.1854
13360 165.2681
13361 198.1246
13363 264.3360
13365 2350.1942
13369 151.7118
13370 214.1570
13371 2490.4701
13373 146.0704
13374 168.2402
13375 260.0668
13379 255.3087
13381 244.2332
13382 203.6614
13383 171.5426
13386 184.7370
13387 225.6959
13391 218.0874
13392 1807.0144
13394 150.8022
13395 195.1511
13396 163.1540
13397 191.8585
13399 2764.0666
13400 153.8690
13401 591.5678
13402 162.7166
13403 145.7805
13405 3915.5127
13409 153.0369
13411 199.0325
13412 163.5585
13414 3694.2460
13415 2012.8324
13418 256.1359
13419 164.0435
13420 1240.7874
13421 3088.3826
13422 1070.9455
13423 167.3957
13425 146.8955
13426 4122.4248
13427 154.9206
13429 2633.6487
13430 153.3735
13431 174.4975
13432 1306.2570
13433 148.2565
13434 153.2029
13435 168.6626
13437 165.7308
13438 175.2203
13443 180.6431
13444 147.1556
13445 260.2986
13446 337.2454
13449 148.5939
13451 153.8407
13452 158.0646
13453 313.2294
13454 453.3788
13456 265.2739
13457 219.1704
13458 176.1173
13459 146.8576
13460 146.3107
13461 1084.3912
13462 147.2665
13464 160.0485
13466 212.0232
13467 282.7514
13469 971.4370
13470 298.2188
13471 148.9114
13472 4211.0921
13474 172.1741
13475 188.9622
13477 188.1591
13480 1004.1181
13481 2915.9771
13482 149.8167
13483 225.6630
13485 1244.3867
13486 161.9537
13487 160.7564
13488 172.0325
13489 4156.0548
13490 1410.7161
13491 146.1009
13492 212.4817
13494 190.2512
13495 199.9228
13497 290.3251
13498 393.3614
13499 234.9197
13501 168.2402
13502 151.6437
13503 152.5312
13504 288.5778
13505 278.5191
13507 153.6394
13508 153.2578
13509 211.1789
13510 197.9586
13511 152.5220
13512 146.4246
13513 2585.1637
13516 251.6425
13519 170.4361
13520 1478.3557
13521 260.6208
13522 201.9294
13523 461.8086
13524 872.3107
13525 220.5696
13526 3636.9510
13527 248.7259
13529 155.2574
13530 194.6523
13531 358.7267
13532 255.2835
13534 189.6268
13535 152.0830
13538 259.6615
13539 145.9106
13541 200.9791
13543 149.9697
13544 165.8356
13546 161.1955
13547 1332.6018
13548 154.8809
13550 3366.2454
13551 146.1679
13552 751.7416
13554 159.2802
13555 172.0749
13557 190.4719
13558 156.6333
13559 148.7033
13560 761.6622
13561 145.1547
13562 674.0207
13565 250.7066
13566 161.6436
13568 226.5892
13570 2986.8038
13571 1967.7936
13572 3000.2025
13573 1046.5859
13574 166.2286
13575 1080.7469
13578 4026.6548
13579 1704.4963
13580 149.4933
13581 157.2381
13587 243.6742
13588 625.5966
13590 2148.9895
13591 195.5387
13592 245.5879
13593 4049.9819
13597 148.9224
13599 726.9595
13600 202.6866
13601 4187.9001
13602 175.0887
13603 164.1959
13604 309.5669
13605 4011.3506
13606 145.2891
13608 160.0541
13609 4076.5136
13610 1027.7631
13611 147.9720
13612 157.8344
13613 160.0000
13617 154.5143
13618 156.3640
13619 148.7668
13621 1674.0277
13622 255.6674
13624 207.6851
13627 1747.8466
13629 197.3882
13630 146.1930
13631 1543.4644
13632 195.2671
13634 167.6641
13635 252.8048
13636 178.7692
13638 2349.5497
13639 155.7157
13640 212.2461
13641 151.6773
13642 154.6165
13643 2373.0444
13644 238.5560
13648 178.1175
13650 195.9340
13651 3745.3274
13654 188.7676
13655 1667.5477
13657 166.2802
13659 146.3692
13661 1599.8249
13663 167.8140
13664 540.2363
13665 151.4023
13666 147.8559
13668 214.0423
13669 155.0534
13671 413.4948
13672 236.2683
13673 2497.6206
13677 269.6961
13678 306.4480
13679 238.6835
13681 161.0528
13682 206.4203
13685 168.5853
13686 190.7291
13689 1118.3210
13690 180.0938
13691 363.3167
13692 169.4550
13694 166.1068
13695 177.9666
13701 152.4854
13703 500.5256
13704 188.9178
13705 149.1553
13706 1960.7817
13707 145.6500
13708 212.9367
13709 852.8938
13711 145.8256
13712 149.7086
13713 160.5963
13714 145.4776
13716 172.0749
13717 293.1172
13718 312.4438
13719 211.3576
13721 219.7438
13725 150.5485
13726 1528.2383
13727 253.5595
13728 190.0781
13729 155.0060
13730 1121.8176
13732 179.0512
13733 235.7419
13739 4271.3142
13741 157.8344
13742 190.4193
13743 145.6500
13744 286.9884
13746 195.9004
13747 151.9479
13748 4321.6095
13752 150.0840
13755 174.9368
13757 838.2029
13761 4216.2392
13764 3790.8386
13767 230.7999
13768 198.2340
13770 184.6203
13773 209.8464
13775 1650.8042
13777 2591.6779
13779 200.1792
13780 150.1472
13781 171.8112
13782 243.5903
13784 176.2234
13786 2548.5593
13787 166.6373
13788 242.1028
13790 184.5051
13791 163.0283
13792 486.5386
13793 193.7423
13794 487.7985
13795 203.2300
13796 3915.5127
13797 186.7396
13798 154.0404
13800 505.7567
13802 194.6523
13803 3058.7456
13804 167.5064
13805 150.7009
13807 148.5582
13808 176.0987
13814 360.3428
13815 156.2764
13817 150.7935
13818 176.4125
13819 684.0557
13820 154.7171
13821 171.6675
13822 180.0447
13824 1145.0883
13826 289.0687
13828 148.3121
13829 1330.0924
13830 1652.1365
13831 251.7708
13833 221.9381
13834 146.1703
13835 153.0003
13836 176.3962
13839 150.3940
13840 500.1290
13842 145.2327
13844 146.1408
13847 234.5145
13849 1325.5891
13850 729.4448
13852 147.7840
13853 253.4193
13854 1897.7557
13856 180.9362
13857 178.7950
13859 160.3752
13865 147.8643
13866 148.5197
13868 147.3439
13869 148.9746
13871 211.7005
13878 158.5677
13879 159.8972
13880 147.3907
13882 171.3794
13885 146.8513
13886 4173.7925
13887 159.3188
13888 206.6433
13889 160.8203
13890 146.5477
13891 145.8214
13892 202.6866
13893 209.0601
13894 146.6030
13896 299.9195
13897 163.8821
13898 156.6753
13899 1969.6739
13901 1205.5492
13902 175.2581
13904 168.1640
13905 3916.1973
13907 152.4626
13908 291.8794
13909 170.0309
13910 171.2728
13914 633.7064
13916 161.1760
13917 234.2262
13918 1101.9786
13919 3693.4791
13922 181.6236
13923 2946.5682
13925 151.8770
13926 3664.1931
13928 747.3652
13930 3055.7431
13931 263.7050
13932 1632.8115
13934 167.2696
13936 152.3438
13941 150.4027
13943 368.2570
13945 1067.6840
13946 2209.4288
13947 157.7260
13948 149.7866
13949 200.2871
13951 146.8165
13952 255.0088
13953 199.6660
13954 757.4382
13955 190.2871
13956 162.7995
13960 191.6342
13962 411.7269
13964 186.7396
13966 150.4644
13967 467.5437
13970 175.5966
13971 145.4794
13974 164.3791
13977 242.5557
13978 163.5995
13979 155.2728
13980 145.6171
13982 162.8284
13984 164.8737
13985 183.6476
13986 145.8046
13987 150.4778
13989 702.5598
13990 459.5639
13992 149.3862
13993 249.8660
13996 2921.6619
13998 147.3918
13999 502.1831
14000 2255.8052
14001 203.2093
14002 212.7577
14003 1001.8453
14005 156.0061
14007 2231.0984
14008 165.5033
14009 148.8953
14010 157.2837
14011 180.5145
14013 416.7433
14014 304.6997
14015 309.6744
14016 147.4837
14017 236.4923
14018 247.8224
14019 151.2184
14020 166.1750
14022 1334.6303
14023 1238.7624
14024 176.2227
14025 162.5370
14030 593.2696
14033 284.5553
14034 257.6651
14035 160.8276
14036 307.7999
14037 186.1055
14038 199.4778
14041 196.3151
14042 146.5856
14043 641.6973
14044 163.1139
14046 147.7334
14047 152.9464
14048 2246.8400
14049 149.3174
14050 200.8920
14052 168.7669
14054 158.4851
14056 3526.3294
14059 3827.4796
14061 172.0749
14063 3062.5400
14064 249.6448
14065 194.7408
14066 400.7450
14067 177.9930
14068 147.0543
14069 566.2303
14070 155.6205
14071 3411.6247
14074 178.3578
14077 148.4729
14078 149.6846
14079 147.6667
14080 153.7928
14081 146.1669
14082 172.9400
14083 184.5975
14085 172.3661
14087 144.9141
14090 182.8798
14091 178.1175
14092 480.9037
14095 1678.5117
14097 185.0711
14099 147.6360
14100 151.3993
14101 183.4424
14103 198.2882
14104 334.0404
14105 1655.4811
14106 210.7394
14107 164.1504
14108 910.0402
14109 191.9615
14110 148.6644
14111 154.8760
14112 195.6988
14114 3917.3045
14115 518.0969
14116 3175.7883
14117 4236.6115
14118 147.3275
14121 205.3548
14122 146.8638
14123 165.2889
14124 147.8840
14125 3873.7805
14126 1567.5460
14127 146.8011
14129 233.9454
14130 165.0284
14132 172.9232
14133 165.3712
14134 162.1911
14135 155.2728
14137 165.7308
14138 4076.3781
14141 251.2831
14142 145.4377
14143 147.4868
14145 162.2721
14147 3347.9490
14150 3292.3740
14155 206.6328
14158 164.2741
14159 251.6399
14162 1815.5054
14166 3453.8170
14167 165.0171
14168 167.9958
14169 148.9132
14170 150.5920
14171 145.4076
14172 187.3271
14174 151.2653
14175 648.6072
14176 199.9829
14178 203.9196
14180 232.1739
14182 146.3098
14183 171.5842
14184 305.8319
14185 3828.3045
14188 158.7177
14189 160.3194
14191 148.9740
14192 3961.2297
14193 147.1716
14194 316.6898
14195 1713.9005
14196 148.1115
14198 3603.1554
14199 169.5917
14201 146.2232
14202 161.6189
14203 2079.5174
14204 4322.4188
14206 152.6869
14209 346.8791
14210 203.8115
14211 3209.1223
14213 264.6201
14214 147.5388
14216 3885.9863
14217 288.6015
14219 172.7892
14220 169.5457
14221 198.1814
14222 1428.0724
14223 158.7502
14224 196.7800
14226 147.5504
14227 159.8972
14228 195.9572
14229 248.7259
14230 144.8814
14231 189.6034
14233 215.9064
14234 1884.8347
14235 149.3305
14236 146.7771
14237 145.8362
14238 188.4938
14239 2616.5792
14241 1478.1611
14242 2659.0365
14243 320.1838
14246 203.1408
14247 157.2372
14249 171.6647
14251 160.8202
14252 207.3657
14254 468.4464
14255 150.1755
14256 264.0114
14257 220.7978
14258 156.2804
14259 288.3589
14260 252.7271
14261 171.1421
14262 4207.6283
14264 148.2585
14265 3161.3914
14267 3944.9607
14269 145.9351
14270 3889.7180
14272 3336.0550
14273 147.5501
14274 253.5312
14275 159.1727
14276 145.4794
14277 150.6270
14278 160.3362
14279 173.6236
14283 144.9487
14284 1080.7469
14285 190.7088
14286 155.3325
14287 147.7311
14289 146.2198
14291 235.3200
14292 148.4433
14295 149.1410
14296 160.2448
14297 2327.3417
14298 210.1388
14299 199.7656
14300 173.2182
14301 857.7244
14302 150.6407
14303 154.8449
14304 3829.6543
14305 176.8710
14310 176.7539
14311 166.1778
14312 194.5619
14313 152.5197
14314 170.2946
14315 168.8379
14316 147.9198
14317 160.8990
14319 200.7266
14320 239.3199
14321 1658.1185
14322 517.2121
14325 401.4186
14326 161.7552
14327 157.7154
14330 4125.1577
14334 152.6203
14336 290.6210
14337 2127.9312
14339 198.3490
14341 147.3480
14342 145.9703
14345 147.3755
14346 149.2905
14347 148.9135
14348 191.4845
14350 147.2783
14351 677.3237
14353 186.8596
14354 978.8066
14355 179.5480
14356 2677.8766
14357 174.7005
14358 182.3192
14359 543.4827
14360 200.8167
14361 164.8468
14364 149.0276
14365 245.1903
14366 3721.1185
14367 171.2072
14368 147.8337
14370 998.2615
14373 181.8282
14374 231.6554
14375 154.7497
14376 211.3573
14378 218.5383
14379 150.7811
14380 146.5283
14381 153.4799
14382 148.0437
14383 220.6337
14385 185.0575
14387 148.7987
14389 203.9490
14390 1704.4963
14391 167.1204
14392 201.3308
14393 148.5717
14395 167.0163
14399 159.1743
14400 152.3467
14401 289.8470
14402 674.3356
14403 733.1457
14404 147.1165
14405 171.0567
14407 150.7384
14408 203.3506
14411 176.8224
14412 153.1713
14413 148.9028
14416 241.2538
14417 152.2835
14419 1129.6976
14420 147.2513
14426 245.7205
14428 357.1679
14430 317.3023
14431 441.1957
14432 147.8580
14433 146.7126
14434 183.0341
14435 239.5923
14436 217.3157
14437 227.9192
14439 148.8093
14441 700.7595
14442 145.1200
14444 146.9371
14447 4203.5830
14448 148.7048
14450 146.0449
14452 163.9248
14453 204.2605
14454 181.5404
14456 146.5398
14458 153.7859
14459 219.5209
14460 234.9646
14461 151.7975
14462 443.2410
14464 1754.9904
14466 147.0880
14468 145.3906
14469 151.4316
14470 261.0895
14472 206.4676
14473 147.7905
14474 249.4842
14476 148.5542
14477 145.4794
14478 175.4080
14479 2059.1990
14480 732.6162
14481 151.1494
14482 241.1513
14483 954.0215
14484 4211.2099
14485 154.1531
14486 156.6495
14489 180.6431
14490 205.7896
14493 146.8921
14495 210.3045
14496 149.2418
14499 163.1811
14501 167.0606
14503 183.3260
14504 284.7248
14505 192.8576
14506 392.2204
14508 3913.9033
14510 331.5428
14511 4122.4248
14512 219.4167
14514 234.6086
14515 145.8858
14517 162.1506
14518 246.1771
14519 154.2215
14521 281.5989
14522 198.6329
14523 151.6620
14525 1335.8763
14527 176.8485
14528 161.4277
14530 2317.6503
14536 320.1921
14537 3283.4091
14538 211.7880
14539 169.5496
14540 214.6424
14543 198.3490
14544 160.9668
14545 147.5177
14546 161.1021
14547 148.4696
14548 576.4015
14549 146.5513
14550 218.8525
14553 145.9808
14556 170.1121
14557 270.4687
14559 230.7488
14560 383.4309
14562 290.2824
14564 2375.1238
14565 149.2271
14566 173.5833
14567 1912.1834
14569 157.7304
14570 164.2045
14571 217.1384
14575 2508.0365
14576 214.5876
14577 247.8341
14579 149.1024
14582 402.4755
14583 4238.2480
14585 444.7977
14588 150.8220
14591 226.7682
14592 146.7658
14593 145.0867
14594 169.0557
14596 623.3655
14597 165.6395
14600 2305.2512
14602 144.7634
14603 733.4680
14604 190.8029
14606 185.9215
14607 3693.1175
14608 145.9435
14610 569.8624
14611 151.0653
14613 180.0864
14614 161.3804
14616 148.1524
14619 159.1408
14621 4065.9209
14623 149.1071
14625 158.5858
14626 148.9625
14627 3681.1158
14629 224.2527
14631 158.5300
14632 177.3555
14633 1442.7877
14634 150.0470
14635 216.0556
14637 202.6974
14638 206.7486
14639 216.4404
14640 212.2201
14643 1221.1359
14644 148.0885
14645 230.0930
14646 210.9006
14647 153.2416
14650 157.4735
14652 153.0085
14653 1242.7716
14654 242.0762
14655 460.2891
14656 148.4572
14657 153.8192
14658 206.9330
14659 1665.2377
14661 146.1677
14662 247.0107
14663 2470.0206
14664 173.1903
14668 243.5903
14669 3748.0830
14670 454.2429
14671 3007.1588
14672 206.4263
14673 151.1861
14674 288.3896
14675 150.2942
14680 191.5326
14682 155.4918
14686 194.6354
14687 155.2011
14688 202.5474
14690 241.8445
14691 3732.8214
14692 203.1408
14694 165.2668
14695 149.3898
14696 167.4142
14702 2903.3849
14704 1424.7333
14705 169.7113
14706 145.3191
14708 147.6928
14709 280.0269
14712 450.5305
14714 145.1747
14716 149.7045
14717 147.6768
14718 4178.8869
14719 191.9406
14720 152.8003
14721 150.0880
14724 305.7270
14725 425.7064
14726 152.6121
14728 168.5922
14729 306.2397
14732 152.9229
14734 3912.2322
14736 166.6862
14737 146.1876
14738 737.4856
14739 148.2493
14740 255.1198
14741 4021.1758
14742 193.7711
14744 249.4182
14746 835.7924
14747 4093.5766
14748 146.0179
14749 150.0621
14750 149.3801
14753 1413.8092
14755 3666.9883
14756 169.2640
14757 441.8298
14758 145.8210
14760 1096.9570
14761 799.9278
14763 199.8882
14764 150.7052
14765 186.7396
14766 186.7396
14767 154.5269
14769 167.1487
14770 252.7221
14772 148.0666
14773 260.9154
14774 168.7343
14775 147.7739
14776 147.8691
14777 147.9670
14778 200.8920
14779 146.1840
14782 149.2540
14784 327.8519
14785 146.2610
14790 147.9176
14791 1339.2986
14793 2909.9789
14795 161.1410
14796 772.2875
14797 172.0749
14800 602.0064
14801 249.9216
14802 1374.5911
14804 233.5792
14805 389.4258
14806 205.3225
14808 145.7769
14813 3285.7080
14814 201.5721
14816 158.3161
14817 208.7435
14818 182.5297
14820 192.5855
14821 152.8003
14823 191.4942
14824 196.8137
14825 365.2400
14826 147.5164
14827 146.1633
14829 227.0093
14832 1263.9897
14833 147.9819
14834 176.2824
14837 149.8939
14838 1347.2359
14839 4214.3932
14840 150.5668
14841 226.4352
14842 221.9537
14843 168.0971
14845 204.9707
14849 151.7049
14851 2030.9738
14852 281.1099
14853 154.6916
14854 148.2008
14855 148.4994
14857 200.2277
14858 247.3364
14859 191.1053
14862 3669.6465
14863 145.9199
14864 258.1919
14865 167.5277
14867 150.0220
14870 171.4320
14871 147.8287
14872 295.4748
14874 191.4615
14875 169.4838
14876 803.2324
14879 161.9937
14880 148.4233
14881 163.1405
14883 163.2209
14885 248.7259
14886 157.1436
14887 155.3466
14889 147.7069
14890 191.2018
14891 179.7918
14893 205.0678
14894 190.4620
14895 395.7506
14896 229.7850
14897 147.2790
14898 154.4908
14899 198.5612
14901 161.4725
14902 183.0928
14903 162.1384
14904 145.2435
14905 184.1393
14908 188.5434
14909 3639.9956
14910 274.7229
14911 3633.3179
14912 1366.2190
14913 164.9179
14916 162.5927
14918 153.9728
14921 151.6254
14924 159.1792
14927 277.1808
14928 214.6659
14929 902.8358
14930 145.5638
14931 4247.6921
14932 187.5238
14935 157.3665
14936 155.8569
14937 289.5349
14938 163.8735
14939 151.6609
14940 295.5169
14941 170.7844
14942 148.0821
14944 3142.9650
14946 167.2628
14947 1194.5637
14948 360.2568
14949 157.1430
14950 145.4776
14951 312.6512
14952 2682.6148
14953 212.9456
14956 4053.6389
14957 152.0894
14958 2814.9861
14960 2345.8202
14961 169.4365
14964 165.0296
14966 192.3751
14967 1573.7425
14968 1968.6466
14972 503.1879
14974 149.1023
14975 264.8209
14976 154.2599
14977 149.6341
14979 146.9482
14981 1011.1580
14982 3897.5428
14986 148.3507
14989 1911.0349
14991 144.8094
14992 172.9548
14993 185.5046
14994 349.3152
14995 169.3122
14996 148.8845
14997 157.5547
14998 735.6763
14999 326.0450
15000 4239.8878
15001 233.7426
15004 153.3083
15005 170.3139
15006 1677.3528
15009 1743.6685
15010 177.6925
15011 162.0485
15013 1804.4759
15017 171.5426
15022 538.3325
15023 1163.2401
15027 145.9346
15028 179.0512
15029 171.4719
15030 154.2861
15031 1254.8528
15033 147.8691
15034 148.0761
15035 191.4200
15038 970.2119
15039 150.3538
15040 268.6955
15041 3239.4867
15042 1527.2494
15045 399.9367
15046 485.6371
15047 214.5876
15049 414.5181
15050 218.8259
15051 3206.7764
15052 179.8343
15053 169.7578
15056 204.9707
15058 217.0955
15059 265.7089
15060 3849.6744
15062 183.6571
15063 205.2683
15065 194.6523
15066 172.6849
15068 149.4867
15069 3326.0309
15072 414.2816
15075 158.0646
15077 147.1003
15078 174.5353
15079 320.5936
15080 171.4966
15082 150.8373
15084 175.2203
15086 249.6803
15087 186.7396
15089 191.8585
15091 147.2883
15092 146.5094
15095 158.3112
15096 3886.0964
15097 163.5995
15098 2041.9766
15100 839.2273
15101 212.7380
15103 152.5875
15104 3539.5199
15105 244.1551
15106 189.2183
15107 149.3080
15108 163.9066
15110 530.9748
15112 4242.5875
15114 146.6373
15115 1414.5603
15117 155.5339
15118 213.9419
15119 179.4711
15120 150.0396
15122 211.5296
15123 3236.5469
15124 224.5393
15126 3919.4191
15127 146.1729
15128 172.0749
15129 342.3492
15130 146.9772
15131 210.2519
15133 162.5526
15134 192.2740
15136 146.0442
15138 351.6219
15139 4239.8878
15140 145.1500
15141 195.1768
15144 147.3698
15145 164.4886
15146 187.8805
15150 151.9490
15151 148.0148
15152 228.5503
15153 258.2153
15156 172.2054
15157 4023.3088
15158 148.4892
15159 175.3346
15160 151.2294
15161 145.1371
15162 150.3294
15163 159.5401
15165 206.4203
15166 3573.6695
15168 537.1500
15169 162.6576
15170 3024.9004
15172 692.5666
15173 195.8841
15175 154.2354
15177 227.8434
15178 231.1874
15179 3944.4797
15180 175.8095
15184 363.3116
15185 161.4777
15188 148.1224
15190 2603.7158
15191 333.6514
15193 894.6990
15194 718.2794
15195 147.4664
15196 810.7363
15197 326.3599
15200 969.2652
15201 2262.2270
15202 3930.9236
15205 3953.1615
15206 186.7443
15209 153.1713
15210 154.3234
15211 148.0530
15212 144.8018
15213 170.7702
15216 289.2043
15218 159.3041
15219 148.7943
15220 155.2728
15223 146.3246
15226 541.4620
15227 2465.4429
15229 282.1979
15232 159.6689
15233 233.6608
15234 153.8592
15238 595.8986
15239 159.2958
15240 4305.5270
15241 186.0446
15242 1593.0015
15243 148.6938
15245 148.0728
15246 169.4229
15248 185.0783
15249 1135.8939
15250 233.5479
15252 195.6668
15253 153.8341
15254 309.0424
15255 154.1700
15256 184.0816
15258 146.6911
15259 152.3282
15260 237.6017
15261 2695.1597
15263 180.6431
15265 144.4156
15268 265.5666
15269 3787.4690
15271 306.6547
15272 407.4455
15273 1222.5189
15274 3429.6539
15275 156.8635
15276 201.4648
15279 145.9338
15283 152.0236
15284 360.6777
15286 145.6695
15287 147.7931
15288 145.8458
15289 150.3125
15295 156.9354
15296 253.5893
15297 224.6669
15298 173.2315
15299 160.8253
15302 162.5375
15304 156.5322
15307 251.2717
15308 148.6426
15309 147.9388
15312 2184.7655
15313 716.1164
15314 2057.1252
15315 522.9573
15316 145.1927
15318 1522.8371
15319 150.3834
15320 874.3780
15321 3688.6921
15322 224.7248
15323 145.8492
15327 178.9718
15328 2597.0435
15329 145.4794
15330 2189.1381
15331 175.0520
15332 153.1062
15333 151.4908
15334 157.8149
15335 1274.9751
15337 3969.2430
15341 209.7127
15342 147.7706
15343 151.2808
15345 148.1675
15347 148.1450
15348 179.4651
15349 280.1110
15350 187.1915
15352 147.0252
15354 186.7396
15356 197.1417
15357 2370.8865
15358 253.4246
15363 146.9877
15364 166.6871
15365 344.3348
15366 181.9839
15367 169.4234
15368 253.8405
15369 1863.0314
15370 160.0750
15371 146.2610
15372 156.2333
15373 178.5697
15374 389.4258
15375 1905.4830
15378 146.3270
15379 164.4513
15380 151.0561
15381 388.6208
15382 158.8817
15383 146.5513
15384 402.4194
15385 2897.1028
15387 3776.2295
15388 227.8434
15391 179.0512
15392 2657.6988
15393 160.7207
15394 2583.8242
15395 190.9502
15397 159.8346
15398 178.6872
15399 171.4719
15400 159.5386
15403 152.2830
15404 162.6512
15406 148.9062
15409 195.3811
15410 1458.3002
15411 186.1055
15412 204.6929
15413 146.6356
15416 158.8817
15418 1262.8575
15423 160.9807
15425 174.9897
15426 153.1720
15427 147.1279
15428 145.7027
15430 186.1340
15431 240.5998
15432 2627.2091
15433 151.4660
15434 194.5565
15436 161.2561
15437 188.4702
15440 168.9763
15441 171.6696
15444 707.7144
15446 149.7416
15448 167.9341
15449 833.3154
15452 496.6894
15453 145.8563
15456 165.7447
15457 289.0687
15459 197.8574
15460 231.3604
15462 958.0445
15464 166.2700
15465 2662.8777
15467 145.4471
15469 147.3263
15470 150.1210
15471 221.4647
15473 146.6985
15476 224.0592
15477 3665.0466
15478 190.3538
15480 207.9763
15484 175.7077
15485 199.6006
15487 197.2584
15488 905.6158
15489 199.0631
15490 148.4187
15491 1780.5089
15493 3589.5448
15496 154.2861
15497 236.5359
15498 148.4324
15499 146.7482
15501 146.9190
15502 488.0376
15504 236.9727
15506 3150.7690
15507 1116.8629
15510 157.9231
15511 196.2354
15514 147.3165
15515 2308.4470
15521 2206.8448
15522 148.1062
15524 152.8003
15525 157.3303
15527 148.3745
15528 225.3719
15529 284.2772
15530 159.5158
15531 147.0413
15532 151.4307
15533 150.4405
15534 154.6223
15535 198.4567
15536 157.1568
15537 190.7291
15538 443.8546
15539 203.6076
15540 148.0197
15541 147.7311
15543 2400.5395
15544 160.4777
15546 190.2164
15547 151.6713
15548 218.6147
15549 226.1285
15551 192.4132
15552 158.0646
15553 149.8974
15555 179.6969
15556 3029.8839
15558 173.6391
15559 148.3567
15560 322.4451
15561 160.6071
15562 147.8287
15563 318.9557
15564 169.2371
15566 2472.8662
15567 227.7098
15569 187.5783
15570 168.5172
15571 349.4549
15572 149.0878
15573 169.0788
15575 653.4077
15576 186.5799
15578 160.2133
15579 828.4784
15580 157.3921
15581 187.4580
15582 192.8895
15583 249.1982
15584 175.1290
15585 157.1417
15586 267.4659
15587 146.5513
15588 149.0829
15589 154.1867
15592 191.6590
15595 223.3134
15596 190.6292
15597 153.4101
15598 4097.5202
15599 148.4892
15601 440.2614
15604 164.2001
15605 190.7383
15606 151.0209
15607 149.8416
15608 149.5507
15609 350.3463
15610 218.0874
15611 149.1203
15612 146.6422
15613 219.4845
15615 191.1467
15617 226.0270
15619 161.2278
15620 150.6868
15622 293.3498
15623 220.6901
15624 1899.3065
15625 238.8963
15628 144.7318
15629 177.1149
15630 178.1628
15633 242.6928
15634 189.2210
15635 147.8362
15636 258.8585
15637 304.5328
15638 158.8902
15639 155.5845
15640 241.4572
15641 335.2443
15644 146.8859
15645 180.6431
15646 149.5289
15647 154.0286
15648 160.2440
15652 2759.7426
15653 147.3533
15655 238.5436
15656 193.5993
15657 144.6049
15659 145.6426
15660 253.9459
15661 1088.3247
15663 149.7678
15664 3844.1938
15665 1109.8432
15666 3209.3360
15667 174.7597
15668 176.7595
15669 147.1207
15670 173.2077
15671 145.9314
15673 163.9918
15674 178.7369
15675 150.0077
15676 149.0056
15677 197.0444
15680 254.0042
15681 238.6438
15682 3603.9912
15683 208.8858
15684 1272.3643
15685 169.9190
15686 211.8735
15687 455.2341
15688 280.4083
15689 146.3933
15690 421.3415
15691 1590.4758
15692 238.5614
15693 3917.3045
15695 535.6280
15696 209.9422
15697 221.7325
15698 153.5972
15700 149.3018
15701 165.2322
15703 151.4308
15704 147.5976
15707 152.3495
15708 4211.0921
15709 175.3008
15712 146.0235
15713 308.2222
15714 153.8701
15717 409.8324
15718 693.0426
15719 199.0645
15720 198.0996
15721 951.8591
15722 164.4165
15723 145.2552
15725 239.3032
15726 1379.0765
15727 508.9427
15728 206.6722
15729 266.9784
15730 170.4803
15731 177.6527
15732 3849.8094
15734 699.4518
15736 291.0681
15738 145.3369
15740 258.4839
15742 217.7631
15745 169.4556
15747 217.3469
15748 200.2528
15749 1623.0095
15750 441.3885
15751 145.8289
15752 145.8214
15755 274.4448
15756 192.4498
15758 189.2210
15761 246.1974
15762 176.1515
15764 193.5074
15766 171.4885
15767 146.6393
15768 1475.2392
15769 198.1083
15772 147.9657
15773 186.7396
15776 158.0019
15777 171.9152
15778 159.3570
15779 157.4836
15780 213.5841
15781 4008.2446
15783 733.4496
15784 164.2116
15785 147.1622
15786 178.0641
15787 154.2094
15788 228.1730
15791 2196.8116
15792 2035.7150
15795 174.4540
15796 162.1000
15797 190.1782
15799 981.2809
15800 169.5327
15801 145.4794
15802 149.6801
15803 172.2991
15804 174.6166
15806 191.4200
15807 186.3220
15808 270.9596
15809 145.5130
15811 231.1876
15813 161.5155
15814 164.6393
15815 176.9217
15816 147.7086
15817 176.8069
15818 146.6352
15820 2258.0125
15821 3917.3045
15823 1602.0299
15824 164.9717
15825 148.7005
15826 148.0817
15827 179.0512
15829 2217.6530
15830 145.4643
15831 211.1738
15832 1534.3969
15833 151.3802
15834 180.6431
15835 4154.3536
15836 173.2077
15837 146.1602
15842 146.5362
15843 156.2318
15844 150.6319
15845 148.3372
15849 270.9993
15850 148.3092
15852 3817.7059
15853 158.0125
15854 240.8018
15857 689.7423
15858 159.3709
15859 4335.8204
15861 233.5237
15862 148.3493
15863 3123.0130
15864 153.3533
15866 175.1670
15867 196.8073
15869 3701.2080
15870 145.8563
15873 149.7943
15875 166.9062
15876 179.7832
15877 213.4489
15878 182.9198
15881 147.3237
15882 155.0190
15883 530.5547
15884 148.7877
15885 165.9948
15886 172.3986
15888 3508.8259
15889 253.1843
15890 145.9703
15891 145.0950
15892 147.8828
15893 145.6462
15898 186.4986
15899 154.9653
15900 157.6701
15901 183.5560
15903 145.5398
15905 3106.2589
15906 1146.3386
15907 1376.2928
15910 182.4055
15911 216.7973
15912 173.2077
15914 2745.5126
15915 203.1974
15916 2659.8354
15917 2991.2990
15918 186.5126
15919 172.0225
15921 3197.0282
15922 175.7077
15923 196.5546
15924 190.7291
15928 2102.2052
15929 159.6586
15930 179.8349
15932 159.5386
15934 440.5443
15936 164.9660
15937 176.8860
15938 145.4129
15939 279.9007
15940 187.9258
15941 239.3717
15942 282.2091
15943 235.4946
15944 3917.3045
15947 511.6425
15948 147.1931
15950 144.8920
15952 154.5573
15953 171.1974
15954 278.6393
15955 147.1188
15956 182.3141
15958 251.7797
15959 691.4036
15960 726.2765
15963 145.2327
15965 147.1910
15966 204.3573
15967 564.8407
15969 159.1603
15972 175.6725
15973 144.8255
15974 251.2717
15975 365.7276
15976 3242.9858
15977 240.1479
15978 861.9090
15979 149.5150
15980 148.5060
15981 182.4898
15983 2362.0326
15984 196.6264
15985 3883.3195
15986 1158.4107
15987 146.4353
15988 190.7291
15990 212.3327
15992 285.9831
15993 146.9149
15995 150.5017
15997 344.9727
15998 177.1149
15999 181.2225
16000 153.1376
16002 220.9136
16004 3693.9079
16005 149.1397
16006 2267.2650
16007 155.0271
16008 236.7610
16009 179.0512
16011 196.5546
16012 186.7396
16013 1703.8233
16014 1608.0041
16016 157.5728
16017 149.7028
16018 158.7026
16019 3817.1823
16021 146.7875
16023 773.8131
16025 179.4450
16026 3693.9079
16028 148.9012
16029 156.7536
16030 208.0903
16031 237.1008
16033 352.1092
16034 180.6431
16036 160.5371
16037 156.8922
16040 147.0787
16042 158.9342
16044 203.9196
16045 157.6116
16047 4036.6197
16048 210.9401
16049 2017.9545
16050 199.0258
16054 155.0966
16055 152.4706
16056 2556.5957
16057 217.1993
16060 160.2440
16062 188.6628
16063 2335.6272
16065 151.8386
16066 1018.6647
16067 3091.0743
16069 190.0485
16070 153.2504
16071 737.0170
16072 158.4408
16074 284.0014
16076 1215.5519
16077 149.4253
16078 159.6586
16082 149.5223
16083 171.6696
16086 1349.2968
16087 3874.2330
16090 878.4087
16091 219.9116
16092 612.0737
16093 1148.1486
16095 169.4132
16096 161.6536
16097 145.8611
16098 212.1478
16099 147.8856
16100 200.8524
16104 208.7019
16107 187.3808
16108 156.7302
16109 3729.4114
16111 3987.1141
16112 1918.3144
16113 210.5681
16114 153.2496
16115 157.0260
16116 214.8269
16117 2213.6170
16118 315.6727
16119 166.7007
16121 171.6696
16122 170.6647
16123 151.1355
16125 2495.1920
16127 337.5758
16130 293.5638
16131 160.7665
16132 149.1261
16133 193.7423
16134 1538.2525
16135 1418.3612
16137 3693.9079
16138 165.3439
16139 166.8337
16140 292.0078
16141 186.7351
16143 3666.5386
16147 185.6734
16149 176.8408
16150 1003.0718
16151 1371.2951
16152 282.5968
16153 160.3433
16154 326.7577
16157 166.3204
16158 266.1700
16159 201.6878
16160 191.4257
16163 169.4214
16164 1091.9537
16165 180.7327
16168 148.9550
16169 166.7795
16170 479.7457
16171 205.6729
16172 148.6875
16173 224.5302
16174 187.3779
16175 159.7364
16177 3681.3915
16179 156.5349
16180 1037.5884
16181 148.8212
16182 201.5059
16183 154.9589
16186 154.0409
16193 4186.4258
16194 222.8508
16197 358.0156
16199 153.8915
16200 155.4346
16201 193.7423
16203 159.0857
16204 145.2698
16205 400.9937
16207 179.0512
16209 3949.9426
16211 148.6617
16213 146.2222
16214 148.3328
16215 159.5324
16217 150.9611
16219 166.6169
16220 2822.1589
16221 3252.3057
16222 1750.9105
16223 146.6813
16224 3302.6225
16225 177.5350
16226 150.8125
16231 145.0578
16234 206.9524
16235 145.8132
16236 161.0913
16237 147.5827
16238 202.4902
16239 180.6431
16241 1027.1734
16242 238.1756
16243 3762.7729
16247 157.8344
16249 146.5665
16250 1281.6625
16251 583.6058
16252 3801.2471
16254 153.7189
16256 197.1503
16258 278.0465
16259 147.2853
16260 4096.0111
16261 180.5417
16262 195.6748
16263 237.7502
16266 173.9676
16267 157.0024
16268 361.0293
16269 203.4152
16270 149.5765
16271 179.5120
16272 158.3291
16273 187.7964
16274 558.4121
16275 152.5885
16276 185.9215
16277 697.9592
16279 265.7089
16280 171.1974
16281 176.2234
16283 145.2500
16284 149.6598
16285 146.0236
16286 2117.1953
16287 3065.3072
16289 588.4496
16290 2173.9861
16291 3824.6762
16293 179.7967
16294 1417.8528
16296 650.9763
16297 156.9454
16299 152.1960
16300 240.9931
16301 171.7039
16302 180.5810
16303 258.4179
16305 152.1696
16306 189.7754
16307 164.8539
16310 192.4474
16313 2625.9461
16314 147.2079
16315 190.5588
16318 3422.2129
16319 193.7423
16320 162.4317
16321 406.6043
16322 316.7507
16323 148.4466
16324 4026.5805
16325 161.5875
16326 177.5014
16328 153.5721
16330 240.8972
16331 150.5018
16332 811.4367
16333 159.3011
16334 157.8344
16335 150.0103
16336 3015.2382
16337 293.6428
16339 589.5920
16340 152.6230
16343 169.0373
16345 176.2515
16346 172.1399
16347 237.6412
16349 181.0631
16350 194.6968
16351 1211.1305
16352 149.4393
16353 286.9441
16355 174.7597
16356 153.7522
16357 270.9964
16358 190.2368
16360 150.9038
16361 149.2002
16365 170.5082
16366 161.2113
16367 148.7034
16369 198.8718
16375 246.8835
16378 166.9215
16379 205.7494
16380 145.7173
16381 1036.2303
16384 249.6266
16385 626.8398
16386 149.0530
16387 871.8586
16388 234.4397
16389 155.2728
16391 1468.2448
16392 157.9777
16394 148.0348
16396 3949.9426
16398 174.1465
16399 158.3161
16400 228.5064
16401 152.3419
16402 161.6828
16403 234.0259
16404 253.7904
16405 147.0984
16406 4007.9675
16407 162.6475
16408 242.5066
16410 146.9533
16411 160.2414
16414 2368.5614
16417 157.2054
16418 150.5182
16422 2439.6135
16423 163.5995
16424 3888.1086
16425 1132.0942
16426 242.9177
16428 258.4839
16430 926.4154
16431 147.3647
16432 146.0125
16436 172.6047
16438 227.4415
16441 145.3960
16442 3897.2620
16444 204.2460
16445 171.6696
16446 173.3921
16447 202.0100
16448 176.2227
16449 171.0799
16450 164.2605
16453 175.9134
16454 152.2929
16455 156.9563
16456 148.9809
16457 192.8576
16459 228.1717
16460 316.7254
16461 146.0467
16465 185.2873
16466 155.4203
16468 233.2140
16470 177.0891
16471 153.0086
16472 350.1672
16475 186.7396
16476 171.2748
16477 3391.2674
16479 269.8434
16480 149.4859
16481 263.7922
16483 2514.3667
16485 246.5651
16486 4211.2099
16487 147.7728
16488 173.8439
16490 180.7129
16491 203.2300
16492 1392.7830
16493 245.3043
16494 146.4996
16495 926.8324
16496 145.2037
16498 1931.3413
16500 4275.5185
16503 2023.0504
16504 147.1574
16505 205.6378
16506 171.4857
16507 220.3227
16509 161.1359
16510 155.6280
16511 992.1803
16512 166.7313
16514 150.6478
16515 351.2837
16517 170.3869
16518 891.9451
16519 1348.7567
16521 823.5007
16523 203.9196
16524 152.3302
16526 148.1727
16530 152.3501
16532 240.2903
16534 253.9454
16535 171.3295
16537 146.8955
16538 155.2826
16540 181.9375
16542 172.1687
16543 153.0490
16545 208.1105
16546 173.4253
16549 157.3550
16550 144.6780
16551 4246.1332
16552 178.7671
16553 166.6720
16555 152.6796
16556 153.6385
16557 173.7236
16558 333.1890
16561 148.0794
16562 154.0409
16563 186.7396
16564 148.9663
16565 157.8209
16566 177.1688
16567 437.1575
16568 906.6012
16569 171.4944
16571 163.5508
16572 179.0512
16573 184.8410
16578 1679.0220
16579 154.1711
16582 309.0424
16583 156.0438
16585 222.3077
16586 184.3317
16587 436.0587
16588 253.8389
16589 188.6473
16590 2402.9469
16591 4238.2480
16592 145.0904
16595 145.6571
16596 150.1739
16597 147.1686
16598 175.7432
16601 150.0845
16602 149.2879
16603 149.7907
16605 149.1549
16606 145.5839
16607 174.3503
16608 1046.4252
16611 4099.8227
16612 148.2168
16613 1336.3525
16617 150.9511
16618 1204.4307
16619 153.4627
16620 173.5128
16622 209.4760
16623 250.4532
16624 169.8581
16625 144.5258
16626 145.2022
16628 547.9876
16629 155.8829
16631 1713.9608
16633 147.6095
16635 152.0647
16637 1140.8555
16639 153.1720
16640 183.5073
16641 163.4437
16642 146.8341
16643 146.9585
16646 154.8842
16648 1828.9252
16650 537.5390
16652 149.0316
16654 164.6393
16655 149.6627
16656 160.4084
16657 171.2792
16661 800.0734
16662 399.9367
16664 167.6854
16665 177.1008
16666 292.4184
16667 240.1262
16669 148.1903
16670 457.4853
16672 145.8611
16676 235.3199
16678 305.1639
16679 157.0012
16681 1673.3826
16682 224.7938
16685 153.1713
16686 2220.0825
16687 163.9093
16688 149.9332
16689 777.6579
16691 2742.0712
16692 555.6577
16694 252.6591
16695 149.3487
16696 245.8879
16697 146.5054
16698 163.3016
16699 146.3070
16701 148.5874
16702 164.7914
16703 147.4844
16704 193.8736
16705 1112.6935
16706 238.2800
16707 162.0086
16712 146.0485
16713 760.4239
16714 160.2922
16715 1884.8347
16718 150.0815
16719 149.9717
16720 237.8429
16721 257.2612
16722 4233.8721
16723 3297.2341
16725 262.4142
16726 185.0269
16728 4275.5185
16730 215.9737
16732 189.6268
16735 147.2642
16736 202.0100
16740 2869.2858
16741 148.6407
16742 150.3301
16743 149.7411
16744 817.1413
16748 190.3538
16749 194.9340
16750 226.0752
16751 170.9981
16752 193.1352
16753 152.5984
16754 812.5688
16755 151.2157
16756 3216.8241
16759 302.6490
16760 4211.2099
16761 151.3182
16762 3586.1605
16763 170.1584
16765 396.2385
16766 3078.4389
16767 146.5457
16768 247.0456
16769 168.6610
16770 162.4500
16771 220.8022
16774 153.7503
16776 3949.9426
16778 1375.7815
16780 2189.6412
16782 183.3852
16783 229.3354
16784 215.1017
16785 173.3454
16786 149.0709
16787 147.8165
16789 149.1010
16790 182.3169
16791 2017.0262
16792 3750.3230
16793 1002.9778
16795 1271.7422
16797 150.9277
16799 2079.2130
16800 171.6926
16802 148.5065
16803 171.0812
16804 175.9887
16805 220.8082
16806 3474.6623
16808 169.4556
16809 1389.8411
16811 205.0391
16812 150.1430
16813 165.1340
16814 237.7238
16815 3395.9993
16816 806.8648
16818 249.3363
16819 443.1428
16820 170.8924
16821 178.9776
16822 2915.6385
16823 179.4998
16824 4008.2446
16825 186.7396
16826 195.5070
16828 177.7594
16830 775.4799
16831 206.6083
16834 391.8493
16835 3665.0466
16840 215.8158
16841 1756.0955
16842 176.9703
16844 198.1330
16845 173.2077
16848 250.4911
16849 166.7068
16850 2217.5375
16853 149.5611
16854 148.7619
16855 318.3661
16860 148.0740
16861 212.8592
16862 1554.7435
16864 1583.0270
16865 399.8344
16866 155.6517
16869 1550.6278
16870 147.9995
16871 236.9063
16872 145.1687
16876 181.1640
16877 191.1053
16879 207.0774
16881 232.6586
16882 193.2656
16883 196.3624
16884 2876.9634
16885 284.2944
16886 162.7329
16887 562.9320
16888 998.0955
16891 261.3785
16892 386.5247
16894 648.6072
16895 290.8953
16897 183.4424
16899 192.4758
16901 149.8450
16902 179.2539
16906 199.4866
16908 3577.8340
16909 192.0231
16913 152.5919
16914 282.2251
16915 1680.8014
16917 146.3916
16919 154.9073
16920 261.5136
16921 167.5946
16923 186.1055
16924 199.6638
16925 175.0887
16926 147.4316
16927 1393.2947
16930 190.4682
16932 228.6837
16934 2605.3166
16935 233.7213
16937 237.6144
16940 147.0984
16942 177.2589
16943 293.3498
16944 2655.8178
16945 1145.0883
16946 148.4320
16947 150.4589
16949 180.1719
16950 155.7673
16951 177.9704
16952 228.9637
16953 145.8210
16955 153.0117
16956 148.0952
16959 144.8193
16960 1045.6492
16962 147.0470
16963 242.1759
16964 212.2461
16966 157.4843
16968 148.6333
16969 234.2989
16970 3695.8576
16971 186.7396
16972 152.4752
16974 734.4134
16976 146.5135
16977 172.6047
16980 3084.5975
16982 152.8874
16983 168.5172
16985 166.8253
16987 2626.8054
16989 176.2553
16990 180.8583
16991 179.9154
16992 150.2963
16993 267.2682
16995 148.6501
16996 206.7236
16997 317.3614
16999 192.1706
17001 190.2512
17002 151.5734
17003 149.3684
17004 1145.0883
17006 149.0156
17007 149.4610
17009 185.2873
17014 199.8440
17015 176.3689
17016 159.9619
17018 202.0100
17019 146.8649
17020 2631.6164
17021 146.9533
17022 150.6381
17023 156.5609
17025 146.6772
17026 353.9031
17028 160.7270
17029 164.8903
17032 505.3142
17034 162.2140
17035 175.7230
17037 645.7719
17038 229.8921
17039 160.2298
17040 151.5240
17041 146.0966
17044 150.6234
17045 147.4534
17047 269.8643
17049 174.2148
17050 189.2812
17051 186.3561
17052 190.8765
17053 275.7666
17054 154.6916
17055 3176.2583
17058 229.3239
17059 200.0023
17060 148.9928
17061 4208.2890
17062 905.6158
17063 160.9046
17065 3443.9086
17066 150.9284
17067 2644.2608
17070 153.8553
17071 150.0247
17072 197.5806
17073 186.7396
17074 600.4121
17075 162.2598
17076 185.4645
17078 577.4332
17079 147.6575
17080 145.4584
17082 211.5038
17084 179.1165
17085 149.0438
17087 146.2932
17089 145.3498
17090 3095.3370
17091 2011.5297
17092 396.3012
17094 3636.5607
17095 183.5443
17097 144.5298
17098 170.6871
17099 612.0974
17101 198.1661
17102 149.8222
17103 1097.1239
17104 185.8261
17106 146.3415
17108 145.9314
17109 150.3831
17111 1036.4204
17112 2814.7864
17113 766.0039
17114 220.1859
17115 146.8818
17116 162.8598
17117 173.9673
17118 397.9540
17119 169.4457
17120 203.1974
17122 194.6488
17124 1634.6462
17126 224.8042
17127 195.7391
17128 150.5793
17129 162.4112
17131 147.1910
17135 196.6447
17136 150.4307
17137 1814.7756
17138 173.6135
17139 3041.6439
17140 178.8763
17141 155.4872
17142 145.8773
17143 173.7186
17144 293.6428
17145 188.3646
17146 883.2372
17147 216.1299
17149 257.6772
17150 179.0512
17151 1824.9000
17152 180.6431
17153 153.1720
17154 148.5072
17155 229.3365
17156 259.9793
17159 197.9377
17161 367.8032
17162 263.8572
17163 192.0559
17164 149.5788
17165 198.8718
17166 159.5832
17167 147.4101
17168 154.3106
17169 153.0117
17171 150.9495
17174 148.4921
17175 261.9958
17177 3693.9079
17178 146.0169
17179 1363.1832
17181 148.7475
17182 177.9023
17183 148.6853
17184 173.2077
17185 178.4679
17187 3224.6105
17188 289.5320
17189 978.4701
17190 147.6354
17191 673.0998
17192 174.8887
17193 194.2782
17194 243.0451
17195 153.9814
17196 479.6328
17197 159.9619
17198 149.3787
17199 3439.5729
17200 265.4818
17202 250.1198
17204 1379.5222
17206 2977.9950
17208 150.7394
17210 151.0280
17211 148.4605
17214 193.0998
17217 504.2855
17219 3322.2050
17221 161.6479
17224 235.5939
17225 160.7207
17228 438.5692
17229 146.8586
17230 496.1339
17231 189.4075
17233 2841.4357
17234 146.0467
17236 150.2876
17237 155.0907
17238 176.1749
17242 173.2077
17243 3854.4696
17245 150.4307
17246 2351.3380
17248 1526.3810
17249 149.1379
17250 319.3072
17251 247.0131
17253 147.9029
17254 426.4861
17256 145.0850
17257 190.2103
17261 145.3369
17262 205.1820
17263 180.3121
17266 1505.1051
17267 277.5157
17269 146.5065
17272 1709.6839
17273 146.7004
17274 304.9231
17276 1948.1914
17277 226.5739
17279 475.0646
17283 173.2077
17284 145.6500
17285 1876.1098
17286 156.2132
17287 176.6642
17288 174.8695
17290 146.4138
17291 145.3407
17292 145.3091
17293 639.3850
17295 155.3532
17296 768.4719
17298 149.2127
17299 291.7733
17300 1341.5013
17301 145.4846
17303 184.3419
17304 172.6381
17305 772.0308
17306 472.9808
17307 195.4523
17308 688.0141
17309 148.1365
17311 307.8306
17312 151.9077
17316 2834.5574
17317 154.8088
17318 173.8314
17319 155.1150
17323 173.4442
17324 691.8798
17325 156.1632
17326 218.6562
17327 291.0534
17329 170.6871
17330 144.9872
17331 169.2667
17332 157.5585
17333 148.1167
17334 209.2179
17335 3048.9400
17336 3453.4753
17337 160.4431
17339 145.0513
17341 355.2167
17344 485.1563
17346 198.0533
17347 206.5542
17349 279.2647
17350 185.2064
17351 4273.0814
17352 718.5908
17353 169.4550
17354 147.2089
17355 160.1004
17357 165.7647
17359 160.3284
17360 148.1996
17362 4133.5075
17364 177.7383
17366 233.0202
17367 226.4176
17368 148.5608
17369 2531.3321
17371 1218.5162
17372 244.0256
17375 393.0133
17376 145.8314
17378 3526.1018
17380 4292.3849
17383 3767.0348
17384 152.0234
17385 256.3109
17386 171.4719
17387 4036.6197
17388 235.8461
17389 439.3847
17390 1659.9102
17391 212.5098
17393 4026.5805
17395 460.0361
17396 151.7924
17397 157.8882
17398 211.8115
17399 197.0392
17402 186.6728
17404 2179.4403
17405 238.4711
17406 1317.6725
17407 174.7597
17409 789.5409
17410 176.7591
17412 3410.8823
17413 1727.7032
17415 171.0567
17416 291.1005
17417 1563.1409
17418 3157.4146
17419 169.4550
17420 145.8611
17421 201.7621
17422 1114.1623
17424 1299.4214
17426 197.5232
17427 146.0236
17430 155.8951
17431 2852.6535
17432 157.8209
17433 185.2410
17434 303.6274
17435 186.7396
17436 349.8481
17438 516.1330
17439 157.4120
17440 288.6015
17441 148.8113
17442 147.7070
17443 363.0695
17444 146.0662
17445 3453.6688
17447 196.2070
17448 148.3750
17450 1273.9361
17453 148.0097
17454 181.2128
17456 180.3684
17457 163.3652
17458 145.6942
17459 202.8968
17460 1932.6709
17461 150.1755
17463 167.4203
17465 1807.7552
17466 464.3065
17468 2928.4071
17469 172.7892
17470 466.4561
17471 269.6961
17472 3904.0659
17473 3147.6780
17474 1145.0883
17476 175.5909
17478 1938.2070
17479 150.8587
17481 147.6345
17482 979.5685
17484 167.4809
17485 150.4929
17486 3125.7364
17487 176.5496
17488 146.0936
17492 172.7083
17493 174.5373
17494 395.9949
17495 166.9699
17496 191.4553
17497 3446.9017
17498 201.3342
17499 170.1771
17503 148.1193
17505 183.4424
17506 170.7810
17507 2597.9113
17508 578.5516
17509 177.4364
17510 147.4586
17512 180.6431
17513 159.0308
17514 200.2872
17515 153.2819
17518 174.6647
17519 147.6752
17520 184.6422
17521 298.0136
17522 147.8126
17524 164.9242
17525 698.6846
17526 218.1023
17527 149.1103
17528 180.7223
17530 2169.0671
17532 938.9199
17533 640.9529
17534 195.9558
17536 158.8523
17537 191.0276
17539 150.1017
17540 288.8554
17542 184.6422
17543 213.2268
17545 146.5260
17546 292.0390
17549 156.2333
17550 174.7597
17551 192.1994
17552 288.3589
17554 147.4219
17559 197.5718
17564 3970.7853
17568 1904.5920
17571 151.4996
17572 160.9215
17573 1467.6816
17575 145.6911
17577 212.7577
17579 199.6900
17580 146.1433
17581 219.4956
17583 264.7822
17584 184.9107
17586 316.0884
17589 2170.1800
17591 3529.1328
17593 167.4314
17594 211.7948
17595 285.9567
17596 151.6912
17597 148.2134
17599 203.1408
17600 171.0567
17602 152.0061
17603 169.1560
17604 147.8691
17606 289.6970
17608 157.8344
17612 169.6874
17615 166.8823
17616 313.6913
17617 1296.8202
17618 3063.3770
17620 258.4199
17623 171.8071
17625 3898.9291
17626 145.0871
17627 3908.9677
17630 151.9490
17631 172.0749
17635 215.2826
17636 151.3448
17637 146.4216
17638 1132.3253
17641 162.2961
17643 205.0391
17645 239.5381
17647 170.4256
17649 224.4128
17650 4239.8878
17653 1490.0176
17654 172.2054
17655 158.8642
17656 176.0371
17657 185.2873
17658 311.0508
17661 147.5617
17662 186.7734
17663 4183.1771
17664 182.9702
17665 148.5040
17666 3986.4902
17667 2729.5202
17669 146.8011
17670 215.7178
17671 3631.7734
17672 152.4863
17673 186.7396
17674 1417.8528
17675 198.6200
17677 207.3557
17679 645.9148
17680 1814.8637
17685 186.9714
17686 146.5513
17687 236.4880
17688 2127.5366
17689 157.0205
17690 212.0933
17692 192.0414
17694 157.8209
17696 150.7070
17697 186.7396
17698 146.1547
17699 203.8398
17703 3299.3878
17704 161.5072
17705 161.7552
17706 693.1473
17707 1234.6809
17710 199.2217
17711 371.1432
17713 1004.3720
17714 3967.5664
17715 3152.5607
17716 3917.3045
17717 4238.2480
17718 183.3864
17719 175.0173
17721 291.5378
17725 612.2353
17726 496.2491
17729 193.7969
17730 173.5081
17732 214.0948
17733 231.1804
17735 253.8773
17737 212.5615
17739 253.4193
17740 155.8733
17741 147.8711
17743 513.9066
17749 3739.4260
17750 150.4972
17752 357.9349
17754 656.4868
17755 183.7421
17756 184.9380
17757 247.4480
17760 279.4392
17762 147.1207
17763 4015.2977
17766 252.4650
17767 205.5447
17768 169.1643
17769 180.4601
17772 210.2584
17774 227.1150
17775 151.6134
17777 256.3518
17780 278.0110
17781 280.4553
17782 163.1436
17784 148.6570
17786 938.7076
17787 203.9196
17789 218.2784
17790 178.4548
17791 1509.7114
17793 240.9535
17794 3777.5260
17795 148.6409
17797 180.4627
17798 163.1211
17799 178.9985
17800 3934.6032
17801 3610.8686
17802 176.7540
17804 145.1747
17805 147.3706
17806 175.3188
17807 148.1091
17809 158.4054
17810 240.2677
17811 3032.2111
17812 145.6803
17813 224.5393
17817 150.9461
17818 2099.6376
17820 193.7423
17822 175.2790
17823 174.9927
17824 214.1457
17825 173.6118
17826 165.2605
17827 156.2075
17829 389.5966
17831 175.3685
17832 148.0911
17833 149.0935
17835 387.1410
17838 212.3103
17839 3342.6342
17842 146.0267
17843 238.0962
17844 212.3113
17845 291.7507
17846 3853.7951
17847 2417.3784
17849 170.2812
17851 145.8611
17852 186.7396
17853 830.2584
17854 149.0168
17855 3483.5053
17856 3763.0094
17858 147.3936
17861 253.5032
17862 974.9339
17863 2964.6651
17864 270.4618
17865 205.0391
17867 165.4701
17870 149.5467
17871 249.8714
17874 186.9248
17876 250.0942
17877 218.5444
17878 244.1243
17880 158.7798
17881 145.4183
17882 290.8237
17883 208.2037
17884 228.2259
17886 152.1273
17887 4162.5442
17888 153.8575
17890 160.7207
17891 4146.0053
17892 639.9897
17894 151.5724
17896 155.2728
17898 849.1846
17900 150.3771
17902 148.6241
17903 230.6396
17906 180.6431
17907 235.1112
17908 159.1854
17909 1682.7267
17910 203.6123
17911 333.3626
17914 144.9810
17915 190.7291
17916 2269.9237
17917 255.1608
17918 191.3969
17919 200.0256
17921 194.3662
17922 149.7199
17924 804.9085
17926 158.3969
17927 376.2011
17928 208.7316
17929 185.4921
17931 147.3596
17935 2998.1948
17936 1155.7691
17937 156.7969
17939 2937.4594
17940 145.3369
17941 349.1889
17942 220.8951
17943 214.1457
17944 2923.9102
17945 220.9246
17950 1938.7284
17951 153.2335
17952 4050.7189
17953 253.4193
17954 145.5227
17956 146.5756
17957 167.4314
17958 3717.9942
17959 237.6144
17960 257.3192
17962 358.7299
17965 1328.8328
17967 2538.2159
17968 159.5386
17971 172.0749
17972 153.6402
17973 540.2799
17974 147.5294
17975 3299.7561
17977 208.5628
17979 3611.0800
17981 194.0861
17983 256.8553
17984 192.2391
17986 145.6443
17990 401.9616
17991 153.9159
17992 147.3636
17993 287.6383
17994 166.9386
17997 259.8689
17998 152.9826
17999 1380.2579
18000 160.8646
18002 150.5205
18003 361.2538
18005 193.4800
18006 199.9807
18008 164.2436
18009 691.4355
18010 3060.5805
18012 1967.9020
18015 770.1562
18016 189.7161
18017 1220.2939
18018 155.6517
18019 369.0812
18020 157.8195
18021 153.2040
18022 164.8631
18023 162.1640
18025 197.7435
18026 190.3428
18028 212.7380
18029 231.2487
18030 176.2178
18033 596.8512
18034 169.7443
18036 256.1262
18038 179.9341
18039 152.6777
18040 3073.3485
18043 145.7868
18045 144.9271
18046 378.2456
18048 148.3846
18050 149.4990
18051 316.2198
18054 208.6610
18056 940.8971
18057 1936.3595
18058 3750.9372
18059 237.6343
18060 246.8835
18061 276.3680
18062 277.5863
18063 3824.2643
18064 247.0456
18066 251.3030
18067 180.8770
18068 431.0593
18069 147.0011
18070 330.8644
18072 463.7978
18073 186.7213
18075 151.6562
18076 3224.6105
18077 169.6874
18078 3488.4717
18079 162.7136
18080 1211.2461
18081 3664.6186
18082 147.3668
18084 288.3589
18085 152.1658
18087 171.0839
18088 215.0869
