layerId nodeId binId sigmaInterval_lb sigmaInterval_ub sigmaFreq
1 0 0 -0.0081886349 0.0702889810 280
1 0 1 0.0702889810 0.1487665969 972
1 0 2 0.1487665969 0.2272442128 1728
1 0 3 0.2272442128 0.3057218287 677
1 0 4 0.3057218287 0.3841994446 330
1 0 5 0.3841994446 0.4626770605 40
1 1 0 -0.0121778890 0.0517659392 851
1 1 1 0.0517659392 0.1157097674 1516
1 1 2 0.1157097674 0.1796535956 1193
1 1 3 0.1796535956 0.2435974238 379
1 1 4 0.2435974238 0.3075412520 87
1 1 5 0.3075412520 0.3714850802 1
1 2 0 -0.0134491441 0.0983364420 883
1 2 1 0.0983364420 0.2101220281 1734
1 2 2 0.2101220281 0.3219076142 856
1 2 3 0.3219076142 0.4336932003 458
1 2 4 0.4336932003 0.5454787864 94
1 2 5 0.5454787864 0.6572643725 2
1 3 0 -0.0429373799 -0.0340811875 15
1 3 1 -0.0340811875 -0.0252249951 166
1 3 2 -0.0252249951 -0.0163688027 1481
1 3 3 -0.0163688027 -0.0075126103 1737
1 3 4 -0.0075126103 0.0013435821 510
1 3 5 0.0013435821 0.0101997745 45
1 3 6 0.0101997745 0.0190559669 15
1 3 7 0.0190559669 0.0279121593 27
1 3 8 0.0279121593 0.0367683517 18
1 3 9 0.0367683517 0.0456245441 5
1 3 10 0.0456245441 0.0544807365 4
1 3 11 0.0544807365 0.0633369289 3
1 3 13 0.0721931213 0.0810493137 1
1 4 0 -0.1267572785 -0.1037033413 41
1 4 1 -0.1037033413 -0.0806494041 282
1 4 2 -0.0806494041 -0.0575954669 904
1 4 3 -0.0575954669 -0.0345415297 1554
1 4 4 -0.0345415297 -0.0114875925 1097
1 4 5 -0.0114875925 0.0115663447 141
1 4 6 0.0115663447 0.0346202819 7
1 4 7 0.0346202819 0.0576742191 1
1 5 0 -0.1410496487 -0.1173426320 29
1 5 1 -0.1173426320 -0.0936356153 141
1 5 2 -0.0936356153 -0.0699285986 563
1 5 3 -0.0699285986 -0.0462215819 1074
1 5 4 -0.0462215819 -0.0225145652 1659
1 5 5 -0.0225145652 0.0011924515 557
1 5 6 0.0011924515 0.0248994682 4
1 6 0 -0.1080321486 -0.0887309288 50
1 6 1 -0.0887309288 -0.0694297090 159
1 6 2 -0.0694297090 -0.0501284892 531
1 6 3 -0.0501284892 -0.0308272694 1246
1 6 4 -0.0308272694 -0.0115260496 1677
1 6 5 -0.0115260496 0.0077751702 350
1 6 6 0.0077751702 0.0270763900 7
1 6 7 0.0270763900 0.0463776098 4
1 6 8 0.0463776098 0.0656788296 2
1 6 9 0.0656788296 0.0849800494 1
1 7 0 -0.0119021494 0.0941619602 503
1 7 1 0.0941619602 0.2002260698 1529
1 7 2 0.2002260698 0.3062901794 1213
1 7 3 0.3062901794 0.4123542890 617
1 7 4 0.4123542890 0.5184183986 135
1 7 5 0.5184183986 0.6244825082 29
1 7 6 0.6244825082 0.7305466178 1
1 8 0 -0.0505262499 0.0446988276 2243
1 8 1 0.0446988276 0.1399239051 922
1 8 2 0.1399239051 0.2351489826 583
1 8 3 0.2351489826 0.3303740601 217
1 8 4 0.3303740601 0.4255991376 58
1 8 5 0.4255991376 0.5208242151 4
1 9 0 -0.0091038277 0.0790922097 806
1 9 1 0.0790922097 0.1672882471 1732
1 9 2 0.1672882471 0.2554842845 932
1 9 3 0.2554842845 0.3436803219 447
1 9 4 0.3436803219 0.4318763593 102
1 9 5 0.4318763593 0.5200723967 7
1 9 6 0.5200723967 0.6082684341 1
1 10 0 -0.0182990197 0.0553529763 301
1 10 1 0.0553529763 0.1290049723 868
1 10 2 0.1290049723 0.2026569683 1482
1 10 3 0.2026569683 0.2763089643 1110
1 10 4 0.2763089643 0.3499609603 257
1 10 5 0.3499609603 0.4236129563 9
1 11 0 -0.0188919630 0.0572757839 1277
1 11 1 0.0572757839 0.1334435308 1482
1 11 2 0.1334435308 0.2096112777 831
1 11 3 0.2096112777 0.2857790246 378
1 11 4 0.2857790246 0.3619467715 58
1 11 5 0.3619467715 0.4381145184 1
1 12 0 -0.0844366733 -0.0571848271 115
1 12 1 -0.0571848271 -0.0299329809 846
1 12 2 -0.0299329809 -0.0026811347 2271
1 12 3 -0.0026811347 0.0245707115 488
1 12 4 0.0245707115 0.0518225577 160
1 12 5 0.0518225577 0.0790744039 84
1 12 6 0.0790744039 0.1063262501 53
1 12 7 0.1063262501 0.1335780963 9
1 12 8 0.1335780963 0.1608299425 1
1 13 0 -0.0347350291 0.0055278873 1614
1 13 1 0.0055278873 0.0457908037 1277
1 13 2 0.0457908037 0.0860537201 719
1 13 3 0.0860537201 0.1263166365 299
1 13 4 0.1263166365 0.1665795529 108
1 13 5 0.1665795529 0.2068424693 10
1 14 0 -0.0210384748 0.0314183991 735
1 14 1 0.0314183991 0.0838752730 1434
1 14 2 0.0838752730 0.1363321469 1196
1 14 3 0.1363321469 0.1887890208 531
1 14 4 0.1887890208 0.2412458947 114
1 14 5 0.2412458947 0.2937027686 15
1 14 6 0.2937027686 0.3461596425 2
1 15 0 -0.1118269284 -0.0878921176 23
1 15 1 -0.0878921176 -0.0639573068 199
1 15 2 -0.0639573068 -0.0400224960 955
1 15 3 -0.0400224960 -0.0160876852 1848
1 15 4 -0.0160876852 0.0078471256 761
1 15 5 0.0078471256 0.0317819364 155
1 15 6 0.0317819364 0.0557167472 66
1 15 7 0.0557167472 0.0796515580 12
1 15 8 0.0796515580 0.1035863688 6
1 15 9 0.1035863688 0.1275211796 2
1 16 0 -0.0206797849 0.0929119676 971
1 16 1 0.0929119676 0.2065037201 1638
1 16 2 0.2065037201 0.3200954726 896
1 16 3 0.3200954726 0.4336872251 424
1 16 4 0.4336872251 0.5472789776 91
1 16 5 0.5472789776 0.6608707301 7
1 17 0 -0.0350266541 0.0212100286 1433
1 17 1 0.0212100286 0.0774467113 956
1 17 2 0.0774467113 0.1336833940 1289
1 17 3 0.1336833940 0.1899200767 304
1 17 4 0.1899200767 0.2461567594 43
1 17 5 0.2461567594 0.3023934421 2
1 18 0 -0.0857125871 -0.0436457861 299
1 18 1 -0.0436457861 -0.0015789851 2249
1 18 2 -0.0015789851 0.0404878159 696
1 18 3 0.0404878159 0.0825546169 547
1 18 4 0.0825546169 0.1246214179 201
1 18 5 0.1246214179 0.1666882189 28
1 18 6 0.1666882189 0.2087550199 7
1 19 0 -0.0803363248 -0.0574539538 58
1 19 1 -0.0574539538 -0.0345715828 496
1 19 2 -0.0345715828 -0.0116892118 1766
1 19 3 -0.0116892118 0.0111931592 1306
1 19 4 0.0111931592 0.0340755302 201
1 19 5 0.0340755302 0.0569579012 126
1 19 6 0.0569579012 0.0798402722 58
1 19 7 0.0798402722 0.1027226432 13
1 19 8 0.1027226432 0.1256050142 2
1 19 9 0.1256050142 0.1484873852 1
1 20 0 -0.0285290412 0.0636702325 1178
1 20 1 0.0636702325 0.1558695062 1531
1 20 2 0.1558695062 0.2480687799 902
1 20 3 0.2480687799 0.3402680536 351
1 20 4 0.3402680536 0.4324673273 61
1 20 5 0.4324673273 0.5246666010 3
1 20 6 0.5246666010 0.6168658747 1
1 21 0 -0.0106139642 0.0576165403 828
1 21 1 0.0576165403 0.1258470448 1414
1 21 2 0.1258470448 0.1940775493 1171
1 21 3 0.1940775493 0.2623080538 490
1 21 4 0.2623080538 0.3305385583 114
1 21 5 0.3305385583 0.3987690628 10
1 22 0 -0.0573720998 -0.0183164157 1241
1 22 1 -0.0183164157 0.0207392684 2079
1 22 2 0.0207392684 0.0597949525 334
1 22 3 0.0597949525 0.0988506366 225
1 22 4 0.0988506366 0.1379063207 101
1 22 5 0.1379063207 0.1769620048 35
1 22 6 0.1769620048 0.2160176889 10
1 22 7 0.2160176889 0.2550733730 1
1 22 8 0.2550733730 0.2941290571 1
1 23 0 -0.0306757579 -0.0089987152 934
1 23 1 -0.0089987152 0.0126783275 2120
1 23 2 0.0126783275 0.0343553702 570
1 23 3 0.0343553702 0.0560324129 239
1 23 4 0.0560324129 0.0777094556 117
1 23 5 0.0777094556 0.0993864983 35
1 23 6 0.0993864983 0.1210635410 10
1 23 7 0.1210635410 0.1427405837 2
1 24 0 -0.0249948409 0.0717429679 1541
1 24 1 0.0717429679 0.1684807767 1434
1 24 2 0.1684807767 0.2652185855 718
1 24 3 0.2652185855 0.3619563943 282
1 24 4 0.3619563943 0.4586942031 52
1 25 0 -0.1374263991 -0.1138400000 51
1 25 1 -0.1138400000 -0.0902536009 223
1 25 2 -0.0902536009 -0.0666672018 699
1 25 3 -0.0666672018 -0.0430808027 1364
1 25 4 -0.0430808027 -0.0194944036 1442
1 25 5 -0.0194944036 0.0040919955 242
1 25 6 0.0040919955 0.0276783946 6
1 26 0 -0.0220221096 0.0356126474 1190
1 26 1 0.0356126474 0.0932474044 1368
1 26 2 0.0932474044 0.1508821614 986
1 26 3 0.1508821614 0.2085169184 397
1 26 4 0.2085169184 0.2661516754 84
1 26 5 0.2661516754 0.3237864324 2
1 27 0 -0.0959510902 -0.0739337109 24
1 27 1 -0.0739337109 -0.0519163316 241
1 27 2 -0.0519163316 -0.0298989523 1070
1 27 3 -0.0298989523 -0.0078815730 1749
1 27 4 -0.0078815730 0.0141358063 743
1 27 5 0.0141358063 0.0361531856 123
1 27 6 0.0361531856 0.0581705649 48
1 27 7 0.0581705649 0.0801879442 8
1 27 8 0.0801879442 0.1022053235 19
1 27 9 0.1022053235 0.1242227028 1
1 27 10 0.1242227028 0.1462400821 1
1 28 0 -0.1299267741 -0.1083355545 20
1 28 1 -0.1083355545 -0.0867443349 165
1 28 2 -0.0867443349 -0.0651531153 557
1 28 3 -0.0651531153 -0.0435618957 1287
1 28 4 -0.0435618957 -0.0219706761 1517
1 28 5 -0.0219706761 -0.0003794565 478
1 28 6 -0.0003794565 0.0212117631 2
1 28 8 0.0428029827 0.0643942023 1
1 29 0 -0.0257639012 0.0438621227 2018
1 29 1 0.0438621227 0.1134881466 1222
1 29 2 0.1134881466 0.1831141705 529
1 29 3 0.1831141705 0.2527401944 195
1 29 4 0.2527401944 0.3223662183 50
1 29 5 0.3223662183 0.3919922422 13
1 30 0 -0.0284544126 0.0560964359 1884
1 30 1 0.0560964359 0.1406472844 1234
1 30 2 0.1406472844 0.2251981329 607
1 30 3 0.2251981329 0.3097489814 242
1 30 4 0.3097489814 0.3942998299 54
1 30 5 0.3942998299 0.4788506784 6
1 31 0 -0.0661964360 -0.0436855234 163
1 31 1 -0.0436855234 -0.0211746108 1085
1 31 2 -0.0211746108 0.0013363018 2185
1 31 3 0.0013363018 0.0238472144 274
1 31 4 0.0238472144 0.0463581270 206
1 31 5 0.0463581270 0.0688690396 80
1 31 6 0.0688690396 0.0913799522 21
1 31 7 0.0913799522 0.1138908648 10
1 31 8 0.1138908648 0.1364017774 3
1 32 0 -0.0753386176 -0.0448678113 138
1 32 1 -0.0448678113 -0.0143970050 1581
1 32 2 -0.0143970050 0.0160738013 1522
1 32 3 0.0160738013 0.0465446076 426
1 32 4 0.0465446076 0.0770154139 272
1 32 5 0.0770154139 0.1074862202 78
1 32 6 0.1074862202 0.1379570265 10
1 33 0 -0.0149450802 0.0879514337 1224
1 33 1 0.0879514337 0.1908479476 1568
1 33 2 0.1908479476 0.2937444615 811
1 33 3 0.2937444615 0.3966409754 331
1 33 4 0.3966409754 0.4995374893 71
1 33 5 0.4995374893 0.6024340032 22
1 34 0 -0.0986180320 -0.0751341432 55
1 34 1 -0.0751341432 -0.0516502544 464
1 34 2 -0.0516502544 -0.0281663656 1114
1 34 3 -0.0281663656 -0.0046824768 1897
1 34 4 -0.0046824768 0.0188014120 344
1 34 5 0.0188014120 0.0422853008 100
1 34 6 0.0422853008 0.0657691896 40
1 34 7 0.0657691896 0.0892530784 6
1 34 8 0.0892530784 0.1127369672 7
1 35 0 -0.1135683123 -0.0851265458 36
1 35 1 -0.0851265458 -0.0566847793 279
1 35 2 -0.0566847793 -0.0282430128 1130
1 35 3 -0.0282430128 0.0001987537 1987
1 35 4 0.0001987537 0.0286405202 360
1 35 5 0.0286405202 0.0570822867 162
1 35 6 0.0570822867 0.0855240532 67
1 35 7 0.0855240532 0.1139658197 3
1 35 8 0.1139658197 0.1424075862 3
1 36 0 -0.0986631898 -0.0795403672 38
1 36 1 -0.0795403672 -0.0604175446 237
1 36 2 -0.0604175446 -0.0412947220 856
1 36 3 -0.0412947220 -0.0221718994 1450
1 36 4 -0.0221718994 -0.0030490768 1331
1 36 5 -0.0030490768 0.0160737458 81
1 36 6 0.0160737458 0.0351965684 15
1 36 7 0.0351965684 0.0543193910 11
1 36 8 0.0543193910 0.0734422136 4
1 36 9 0.0734422136 0.0925650362 2
1 36 10 0.0925650362 0.1116878588 2
1 37 0 -0.0281007380 0.0124622570 1732
1 37 1 0.0124622570 0.0530252520 1144
1 37 2 0.0530252520 0.0935882470 810
1 37 3 0.0935882470 0.1341512420 244
1 37 4 0.1341512420 0.1747142370 94
1 37 5 0.1747142370 0.2152772320 3
1 38 0 -0.0506397637 -0.0353208322 31
1 38 1 -0.0353208322 -0.0200019007 629
1 38 2 -0.0200019007 -0.0046829692 2448
1 38 3 -0.0046829692 0.0106359623 581
1 38 4 0.0106359623 0.0259548938 191
1 38 5 0.0259548938 0.0412738253 88
1 38 6 0.0412738253 0.0565927568 32
1 38 7 0.0565927568 0.0719116883 10
1 38 8 0.0719116883 0.0872306198 10
1 38 9 0.0872306198 0.1025495513 5
1 38 10 0.1025495513 0.1178684828 1
1 38 12 0.1331874143 0.1485063458 1
1 39 0 -0.0804196907 -0.0549515853 110
1 39 1 -0.0549515853 -0.0294834799 800
1 39 2 -0.0294834799 -0.0040153745 2173
1 39 3 -0.0040153745 0.0214527309 571
1 39 4 0.0214527309 0.0469208363 234
1 39 5 0.0469208363 0.0723889417 96
1 39 6 0.0723889417 0.0978570471 32
1 39 7 0.0978570471 0.1233251525 9
1 39 8 0.1233251525 0.1487932579 2
1 40 0 -0.0344501018 0.0370886577 2154
1 40 1 0.0370886577 0.1086274172 915
1 40 2 0.1086274172 0.1801661767 599
1 40 3 0.1801661767 0.2517049362 329
1 40 4 0.2517049362 0.3232436957 28
1 40 5 0.3232436957 0.3947824552 2
1 41 0 -0.1290818276 -0.1045955763 29
1 41 1 -0.1045955763 -0.0801093250 202
1 41 2 -0.0801093250 -0.0556230737 632
1 41 3 -0.0556230737 -0.0311368224 1343
1 41 4 -0.0311368224 -0.0066505711 1590
1 41 5 -0.0066505711 0.0178356802 183
1 41 6 0.0178356802 0.0423219315 42
1 41 7 0.0423219315 0.0668081828 6
1 42 0 -0.0144375023 0.0637887084 1156
1 42 1 0.0637887084 0.1420149191 1664
1 42 2 0.1420149191 0.2202411298 829
1 42 3 0.2202411298 0.2984673405 275
1 42 4 0.2984673405 0.3766935512 90
1 42 5 0.3766935512 0.4549197619 11
1 42 6 0.4549197619 0.5331459726 2
1 43 0 -0.0849256637 -0.0673009728 36
1 43 1 -0.0673009728 -0.0496762819 175
1 43 2 -0.0496762819 -0.0320515910 656
1 43 3 -0.0320515910 -0.0144269001 1643
1 43 4 -0.0144269001 0.0031977908 1355
1 43 5 0.0031977908 0.0208224817 68
1 43 6 0.0208224817 0.0384471726 70
1 43 7 0.0384471726 0.0560718635 19
1 43 8 0.0560718635 0.0736965544 3
1 43 10 0.0913212453 0.1089459362 2
1 44 0 -0.0192819102 0.1232815128 1505
1 44 1 0.1232815128 0.2658449358 1427
1 44 2 0.2658449358 0.4084083588 763
1 44 3 0.4084083588 0.5509717818 259
1 44 4 0.5509717818 0.6935352048 72
1 44 5 0.6935352048 0.8360986278 1
1 45 0 -0.1287245323 -0.1078777370 41
1 45 1 -0.1078777370 -0.0870309417 192
1 45 2 -0.0870309417 -0.0661841464 586
1 45 3 -0.0661841464 -0.0453373511 1253
1 45 4 -0.0453373511 -0.0244905558 1612
1 45 5 -0.0244905558 -0.0036437605 338
1 45 6 -0.0036437605 0.0172030348 4
1 45 7 0.0172030348 0.0380498301 1
1 46 0 -0.1219931789 -0.1035895482 55
1 46 1 -0.1035895482 -0.0851859175 316
1 46 2 -0.0851859175 -0.0667822868 950
1 46 3 -0.0667822868 -0.0483786561 1428
1 46 4 -0.0483786561 -0.0299750254 1121
1 46 5 -0.0299750254 -0.0115713947 154
1 46 6 -0.0115713947 0.0068322360 3
1 47 0 -0.0077761241 0.0899446974 684
1 47 1 0.0899446974 0.1876655189 1731
1 47 2 0.1876655189 0.2853863404 974
1 47 3 0.2853863404 0.3831071619 489
1 47 4 0.3831071619 0.4808279834 130
1 47 5 0.4808279834 0.5785488049 18
1 47 6 0.5785488049 0.6762696264 1
1 48 0 -0.0018347988 0.0714997704 164
1 48 1 0.0714997704 0.1448343396 872
1 48 2 0.1448343396 0.2181689088 1707
1 48 3 0.2181689088 0.2915034780 934
1 48 4 0.2915034780 0.3648380472 259
1 48 5 0.3648380472 0.4381726164 89
1 48 6 0.4381726164 0.5115071856 2
1 49 0 -0.0296748776 0.0772096073 2082
1 49 1 0.0772096073 0.1840940922 1112
1 49 2 0.1840940922 0.2909785771 586
1 49 3 0.2909785771 0.3978630620 189
1 49 4 0.3978630620 0.5047475469 56
1 49 5 0.5047475469 0.6116320318 2
1 50 0 -0.0973142526 -0.0800772870 37
1 50 1 -0.0800772870 -0.0628403214 178
1 50 2 -0.0628403214 -0.0456033558 868
1 50 3 -0.0456033558 -0.0283663902 1568
1 50 4 -0.0283663902 -0.0111294246 1147
1 50 5 -0.0111294246 0.0061075410 196
1 50 6 0.0061075410 0.0233445066 20
1 50 7 0.0233445066 0.0405814722 7
1 50 8 0.0405814722 0.0578184378 5
1 50 10 0.0750554034 0.0922923690 1
1 51 0 -0.0024931754 0.0753100011 239
1 51 1 0.0753100011 0.1531131776 1322
1 51 2 0.1531131776 0.2309163541 1477
1 51 3 0.2309163541 0.3087195306 708
1 51 4 0.3087195306 0.3865227071 229
1 51 5 0.3865227071 0.4643258836 51
1 51 6 0.4643258836 0.5421290601 1
1 52 0 -0.0181450790 0.0597981882 756
1 52 1 0.0597981882 0.1377414554 1362
1 52 2 0.1377414554 0.2156847226 1233
1 52 3 0.2156847226 0.2936279898 571
1 52 4 0.2936279898 0.3715712570 104
1 52 5 0.3715712570 0.4495145242 1
1 53 0 -0.0718906246 -0.0334599650 175
1 53 1 -0.0334599650 0.0049706946 2126
1 53 2 0.0049706946 0.0434013542 849
1 53 3 0.0434013542 0.0818320138 609
1 53 4 0.0818320138 0.1202626734 217
1 53 5 0.1202626734 0.1586933330 49
1 53 6 0.1586933330 0.1971239926 2
1 54 0 -0.0806064316 -0.0580570372 61
1 54 1 -0.0580570372 -0.0355076428 718
1 54 2 -0.0355076428 -0.0129582484 1796
1 54 3 -0.0129582484 0.0095911460 1149
1 54 4 0.0095911460 0.0321405404 162
1 54 5 0.0321405404 0.0546899348 90
1 54 6 0.0546899348 0.0772393292 32
1 54 7 0.0772393292 0.0997887236 9
1 54 8 0.0997887236 0.1223381180 4
1 54 9 0.1223381180 0.1448875124 3
1 54 10 0.1448875124 0.1674369068 3
1 55 0 -0.1048216525 -0.0844219553 85
1 55 1 -0.0844219553 -0.0640222581 347
1 55 2 -0.0640222581 -0.0436225609 1022
1 55 3 -0.0436225609 -0.0232228637 1731
1 55 4 -0.0232228637 -0.0028231665 783
1 55 5 -0.0028231665 0.0175765307 26
1 55 6 0.0175765307 0.0379762279 15
1 55 7 0.0379762279 0.0583759251 14
1 55 8 0.0583759251 0.0787756223 2
1 55 9 0.0787756223 0.0991753195 1
1 55 10 0.0991753195 0.1195750167 1
1 56 0 0.0041534797 0.0763066564 143
1 56 1 0.0763066564 0.1484598331 998
1 56 2 0.1484598331 0.2206130098 1418
1 56 3 0.2206130098 0.2927661865 1061
1 56 4 0.2927661865 0.3649193632 323
1 56 5 0.3649193632 0.4370725399 80
1 56 6 0.4370725399 0.5092257166 4
1 57 0 -0.0494161608 0.0016721355 1371
1 57 1 0.0016721355 0.0527604318 1333
1 57 2 0.0527604318 0.1038487281 826
1 57 3 0.1038487281 0.1549370244 351
1 57 4 0.1549370244 0.2060253207 124
1 57 5 0.2060253207 0.2571136170 21
1 57 6 0.2571136170 0.3082019133 1
1 58 0 -0.0278498389 0.0484260997 783
1 58 1 0.0484260997 0.1247020383 1598
1 58 2 0.1247020383 0.2009779769 1031
1 58 3 0.2009779769 0.2772539155 486
1 58 4 0.2772539155 0.3535298541 116
1 58 5 0.3535298541 0.4298057927 13
1 59 0 -0.1297434175 -0.1088434467 21
1 59 1 -0.1088434467 -0.0879434759 90
1 59 2 -0.0879434759 -0.0670435051 444
1 59 3 -0.0670435051 -0.0461435343 1081
1 59 4 -0.0461435343 -0.0252435635 1561
1 59 5 -0.0252435635 -0.0043435927 801
1 59 6 -0.0043435927 0.0165563781 26
1 59 7 0.0165563781 0.0374563489 1
1 59 8 0.0374563489 0.0583563197 2
1 60 0 -0.0923124288 -0.0706019342 40
1 60 1 -0.0706019342 -0.0488914396 378
1 60 2 -0.0488914396 -0.0271809450 1342
1 60 3 -0.0271809450 -0.0054704504 1768
1 60 4 -0.0054704504 0.0162400442 342
1 60 5 0.0162400442 0.0379505388 93
1 60 6 0.0379505388 0.0596610334 41
1 60 7 0.0596610334 0.0813715280 16
1 60 8 0.0813715280 0.1030820226 2
1 60 9 0.1030820226 0.1247925172 3
1 60 10 0.1247925172 0.1465030118 1
1 60 11 0.1465030118 0.1682135064 1
1 61 0 -0.0187077690 0.1065718573 1349
1 61 1 0.1065718573 0.2318514836 1521
1 61 2 0.2318514836 0.3571311099 759
1 61 3 0.3571311099 0.4824107362 333
1 61 4 0.4824107362 0.6076903625 64
1 61 5 0.6076903625 0.7329699888 1
1 62 0 -0.0378346535 0.0559856835 1660
1 62 1 0.0559856835 0.1498060205 1306
1 62 2 0.1498060205 0.2436263575 760
1 62 3 0.2436263575 0.3374466945 239
1 62 4 0.3374466945 0.4312670315 60
1 62 5 0.4312670315 0.5250873685 2
1 63 0 -0.0076179096 0.0779479831 718
1 63 1 0.0779479831 0.1635138758 1479
1 63 2 0.1635138758 0.2490797685 1220
1 63 3 0.2490797685 0.3346456612 457
1 63 4 0.3346456612 0.4202115539 141
1 63 5 0.4202115539 0.5057774466 12
1 64 0 -0.0237928391 0.0735160620 946
1 64 1 0.0735160620 0.1708249631 1540
1 64 2 0.1708249631 0.2681338642 936
1 64 3 0.2681338642 0.3654427653 526
1 64 4 0.3654427653 0.4627516664 78
1 64 5 0.4627516664 0.5600605675 1
1 65 0 -0.0201987471 0.1096115600 1088
1 65 1 0.1096115600 0.2394218671 1613
1 65 2 0.2394218671 0.3692321742 907
1 65 3 0.3692321742 0.4990424813 335
1 65 4 0.4990424813 0.6288527884 76
1 65 5 0.6288527884 0.7586630955 8
1 66 0 -0.0859644371 -0.0595627400 116
1 66 1 -0.0595627400 -0.0331610429 899
1 66 2 -0.0331610429 -0.0067593458 1930
1 66 3 -0.0067593458 0.0196423513 719
1 66 4 0.0196423513 0.0460440484 206
1 66 5 0.0460440484 0.0724457455 132
1 66 6 0.0724457455 0.0988474426 17
1 66 7 0.0988474426 0.1252491397 8
1 67 0 -0.0959865091 -0.0749699255 49
1 67 1 -0.0749699255 -0.0539533419 322
1 67 2 -0.0539533419 -0.0329367583 901
1 67 3 -0.0329367583 -0.0119201747 1716
1 67 4 -0.0119201747 0.0090964089 909
1 67 5 0.0090964089 0.0301129925 79
1 67 6 0.0301129925 0.0511295761 17
1 67 7 0.0511295761 0.0721461597 32
1 67 8 0.0721461597 0.0931627433 2
1 68 0 -0.0415102875 -0.0347509775 7
1 68 1 -0.0347509775 -0.0279916675 80
1 68 2 -0.0279916675 -0.0212323575 672
1 68 3 -0.0212323575 -0.0144730475 1710
1 68 4 -0.0144730475 -0.0077137375 1147
1 68 5 -0.0077137375 -0.0009544275 349
1 68 6 -0.0009544275 0.0058048825 30
1 68 7 0.0058048825 0.0125641925 17
1 68 8 0.0125641925 0.0193235025 4
1 68 9 0.0193235025 0.0260828125 7
1 68 10 0.0260828125 0.0328421225 4
1 69 0 -0.1015873695 -0.0814203513 14
1 69 1 -0.0814203513 -0.0612533331 126
1 69 2 -0.0612533331 -0.0410863149 642
1 69 3 -0.0410863149 -0.0209192967 1404
1 69 4 -0.0209192967 -0.0007522785 1590
1 69 5 -0.0007522785 0.0194147397 145
1 69 6 0.0194147397 0.0395817579 75
1 69 7 0.0395817579 0.0597487761 20
1 69 8 0.0597487761 0.0799157943 7
1 69 9 0.0799157943 0.1000828125 3
1 69 10 0.1000828125 0.1202498307 1
1 70 0 -0.1173518609 -0.0924829763 6
1 70 1 -0.0924829763 -0.0676140917 129
1 70 2 -0.0676140917 -0.0427452071 591
1 70 3 -0.0427452071 -0.0178763225 1495
1 70 4 -0.0178763225 0.0069925621 1503
1 70 5 0.0069925621 0.0318614467 158
1 70 6 0.0318614467 0.0567303313 103
1 70 7 0.0567303313 0.0815992159 35
1 70 8 0.0815992159 0.1064681005 6
1 70 9 0.1064681005 0.1313369851 1
1 71 0 -0.0247533467 0.0420633166 1803
1 71 1 0.0420633166 0.1088799799 1233
1 71 2 0.1088799799 0.1756966432 660
1 71 3 0.1756966432 0.2425133065 290
1 71 4 0.2425133065 0.3093299698 39
1 71 5 0.3093299698 0.3761466331 2
1 72 0 -0.0321363576 0.0768930631 2039
1 72 1 0.0768930631 0.1859224838 1036
1 72 2 0.1859224838 0.2949519045 684
1 72 3 0.2949519045 0.4039813252 205
1 72 4 0.4039813252 0.5130107459 62
1 72 5 0.5130107459 0.6220401666 1
1 73 0 -0.0050399001 0.0742282704 676
1 73 1 0.0742282704 0.1534964409 1561
1 73 2 0.1534964409 0.2327646114 1163
1 73 3 0.2327646114 0.3120327819 472
1 73 4 0.3120327819 0.3913009524 142
1 73 5 0.3913009524 0.4705691229 13
1 74 0 -0.0243585069 0.0772438829 1432
1 74 1 0.0772438829 0.1788462727 1405
1 74 2 0.1788462727 0.2804486625 827
1 74 3 0.2804486625 0.3820510523 296
1 74 4 0.3820510523 0.4836534421 66
1 74 5 0.4836534421 0.5852558319 1
1 75 0 -0.0141955077 0.0630663155 1270
1 75 1 0.0630663155 0.1403281387 1441
1 75 2 0.1403281387 0.2175899619 884
1 75 3 0.2175899619 0.2948517851 341
1 75 4 0.2948517851 0.3721136083 86
1 75 5 0.3721136083 0.4493754315 5
1 76 0 -0.1080726541 -0.0865851946 54
1 76 1 -0.0865851946 -0.0650977351 282
1 76 2 -0.0650977351 -0.0436102756 859
1 76 3 -0.0436102756 -0.0221228161 1464
1 76 4 -0.0221228161 -0.0006353566 1250
1 76 5 -0.0006353566 0.0208521029 100
1 76 6 0.0208521029 0.0423395624 16
1 76 7 0.0423395624 0.0638270219 2
1 77 0 -0.0202159099 0.0659940210 408
1 77 1 0.0659940210 0.1522039519 1154
1 77 2 0.1522039519 0.2384138828 1511
1 77 3 0.2384138828 0.3246238137 739
1 77 4 0.3246238137 0.4108337446 201
1 77 5 0.4108337446 0.4970436755 14
1 78 0 -0.1194718400 -0.0992066590 40
1 78 1 -0.0992066590 -0.0789414780 219
1 78 2 -0.0789414780 -0.0586762970 695
1 78 3 -0.0586762970 -0.0384111160 1287
1 78 4 -0.0384111160 -0.0181459350 1454
1 78 5 -0.0181459350 0.0021192460 330
1 78 6 0.0021192460 0.0223844270 2
1 79 0 -0.0248867556 0.0831932580 870
1 79 1 0.0831932580 0.1912732716 1500
1 79 2 0.1912732716 0.2993532852 1112
1 79 3 0.2993532852 0.4074332988 436
1 79 4 0.4074332988 0.5155133124 105
1 79 5 0.5155133124 0.6235933260 4
1 80 0 -0.0091328963 0.0862087054 63
1 80 1 0.0862087054 0.1815503071 750
1 80 2 0.1815503071 0.2768919088 1433
1 80 3 0.2768919088 0.3722335105 1183
1 80 4 0.3722335105 0.4675751122 504
1 80 5 0.4675751122 0.5629167139 94
1 81 0 -0.0652339859 -0.0476326469 157
1 81 1 -0.0476326469 -0.0300313079 740
1 81 2 -0.0300313079 -0.0124299689 1827
1 81 3 -0.0124299689 0.0051713701 1075
1 81 4 0.0051713701 0.0227727091 98
1 81 5 0.0227727091 0.0403740481 75
1 81 6 0.0403740481 0.0579753871 42
1 81 7 0.0579753871 0.0755767261 8
1 81 8 0.0755767261 0.0931780651 2
1 81 9 0.0931780651 0.1107794041 2
1 81 10 0.1107794041 0.1283807431 1
1 82 0 -0.0304017942 0.0053438025 1838
1 82 1 0.0053438025 0.0410893992 1130
1 82 2 0.0410893992 0.0768349959 638
1 82 3 0.0768349959 0.1125805926 292
1 82 4 0.1125805926 0.1483261893 111
1 82 5 0.1483261893 0.1840717860 17
1 82 6 0.1840717860 0.2198173827 1
1 83 0 -0.0229356166 0.0969022715 1401
1 83 1 0.0969022715 0.2167401596 1521
1 83 2 0.2167401596 0.3365780477 744
1 83 3 0.3365780477 0.4564159358 285
1 83 4 0.4564159358 0.5762538239 72
1 83 5 0.5762538239 0.6960917120 4
1 84 0 -0.1131809348 -0.0938361979 18
1 84 1 -0.0938361979 -0.0744914610 105
1 84 2 -0.0744914610 -0.0551467241 488
1 84 3 -0.0551467241 -0.0358019872 1100
1 84 4 -0.0358019872 -0.0164572503 1507
1 84 5 -0.0164572503 0.0028874866 790
1 84 6 0.0028874866 0.0222322235 17
1 84 7 0.0222322235 0.0415769604 1
1 84 8 0.0415769604 0.0609216973 1
1 85 0 -0.0255532032 0.0488971634 1774
1 85 1 0.0488971634 0.1233475300 1294
1 85 2 0.1233475300 0.1977978966 676
1 85 3 0.1977978966 0.2722482632 229
1 85 4 0.2722482632 0.3466986298 50
1 85 5 0.3466986298 0.4211489964 4
1 86 0 -0.0256566133 0.0288018761 1177
1 86 1 0.0288018761 0.0832603655 1269
1 86 2 0.0832603655 0.1377188549 1118
1 86 3 0.1377188549 0.1921773443 400
1 86 4 0.1921773443 0.2466358337 60
1 86 5 0.2466358337 0.3010943231 3
1 87 0 -0.0691172792 -0.0494484042 85
1 87 1 -0.0494484042 -0.0297795292 965
1 87 2 -0.0297795292 -0.0101106542 2056
1 87 3 -0.0101106542 0.0095582208 674
1 87 4 0.0095582208 0.0292270958 122
1 87 5 0.0292270958 0.0488959708 65
1 87 6 0.0488959708 0.0685648458 32
1 87 7 0.0685648458 0.0882337208 22
1 87 8 0.0882337208 0.1079025958 4
1 87 9 0.1079025958 0.1275714708 2
1 88 0 -0.0083018552 0.0634284245 374
1 88 1 0.0634284245 0.1351587042 1311
1 88 2 0.1351587042 0.2068889839 1443
1 88 3 0.2068889839 0.2786192636 689
1 88 4 0.2786192636 0.3503495433 195
1 88 5 0.3503495433 0.4220798230 15
1 89 0 -0.1050301086 -0.0850814919 40
1 89 1 -0.0850814919 -0.0651328752 175
1 89 2 -0.0651328752 -0.0451842585 634
1 89 3 -0.0451842585 -0.0252356418 1364
1 89 4 -0.0252356418 -0.0052870251 1568
1 89 5 -0.0052870251 0.0146615916 218
1 89 6 0.0146615916 0.0346102083 22
1 89 7 0.0346102083 0.0545588250 6
1 90 0 -0.0703306233 -0.0379838621 230
1 90 1 -0.0379838621 -0.0056371009 2283
1 90 2 -0.0056371009 0.0267096603 840
1 90 3 0.0267096603 0.0590564215 408
1 90 4 0.0590564215 0.0914031827 175
1 90 5 0.0914031827 0.1237499439 78
1 90 6 0.1237499439 0.1560967051 11
1 90 7 0.1560967051 0.1884434663 2
1 91 0 -0.0970827286 -0.0748572868 53
1 91 1 -0.0748572868 -0.0526318450 381
1 91 2 -0.0526318450 -0.0304064032 1196
1 91 3 -0.0304064032 -0.0081809614 1628
1 91 4 -0.0081809614 0.0140444804 599
1 91 5 0.0140444804 0.0362699222 130
1 91 6 0.0362699222 0.0584953640 27
1 91 7 0.0584953640 0.0807208058 10
1 91 8 0.0807208058 0.1029462476 2
1 91 9 0.1029462476 0.1251716894 1
1 92 0 -0.0011374360 0.0633056220 112
1 92 1 0.0633056220 0.1277486800 909
1 92 2 0.1277486800 0.1921917380 1616
1 92 3 0.1921917380 0.2566347960 892
1 92 4 0.2566347960 0.3210778540 410
1 92 5 0.3210778540 0.3855209120 84
1 92 6 0.3855209120 0.4499639700 4
1 93 0 -0.0182058754 0.0942342904 1298
1 93 1 0.0942342904 0.2066744562 1444
1 93 2 0.2066744562 0.3191146220 892
1 93 3 0.3191146220 0.4315547878 315
1 93 4 0.4315547878 0.5439949536 75
1 93 5 0.5439949536 0.6564351194 3
1 94 0 -0.0176488544 0.0618762642 949
1 94 1 0.0618762642 0.1414013828 1700
1 94 2 0.1414013828 0.2209265014 903
1 94 3 0.2209265014 0.3004516200 376
1 94 4 0.3004516200 0.3799767386 95
1 94 5 0.3799767386 0.4595018572 4
1 95 0 -0.1271104753 -0.1041869476 13
1 95 1 -0.1041869476 -0.0812634199 117
1 95 2 -0.0812634199 -0.0583398922 551
1 95 3 -0.0583398922 -0.0354163645 1056
1 95 4 -0.0354163645 -0.0124928368 1735
1 95 5 -0.0124928368 0.0104306909 488
1 95 6 0.0104306909 0.0333542186 49
1 95 7 0.0333542186 0.0562777463 12
1 95 8 0.0562777463 0.0792012740 6
1 96 0 -0.0093336058 0.0751750559 714
1 96 1 0.0751750559 0.1596837176 1475
1 96 2 0.1596837176 0.2441923793 1088
1 96 3 0.2441923793 0.3287010410 640
1 96 4 0.3287010410 0.4132097027 108
1 96 5 0.4132097027 0.4977183644 2
1 97 0 -0.0271346612 0.0585458137 1327
1 97 1 0.0585458137 0.1442262886 1360
1 97 2 0.1442262886 0.2299067635 910
1 97 3 0.2299067635 0.3155872384 330
1 97 4 0.3155872384 0.4012677133 99
1 97 5 0.4012677133 0.4869481882 1
1 98 0 -0.0319697077 0.0380958137 1693
1 98 1 0.0380958137 0.1081613351 1270
1 98 2 0.1081613351 0.1782268565 705
1 98 3 0.1782268565 0.2482923779 308
1 98 4 0.2482923779 0.3183578993 50
1 98 5 0.3183578993 0.3884234207 1
1 99 0 -0.0927898272 -0.0670852264 42
1 99 1 -0.0670852264 -0.0413806256 402
1 99 2 -0.0413806256 -0.0156760248 1523
1 99 3 -0.0156760248 0.0100285760 1577
1 99 4 0.0100285760 0.0357331768 299
1 99 5 0.0357331768 0.0614377776 104
1 99 6 0.0614377776 0.0871423784 62
1 99 7 0.0871423784 0.1128469792 13
1 99 8 0.1128469792 0.1385515800 4
1 99 10 0.1642561808 0.1899607816 1
1 100 0 -0.0542048654 0.0142396874 846
1 100 1 0.0142396874 0.0826842402 1246
1 100 2 0.0826842402 0.1511287930 1288
1 100 3 0.1511287930 0.2195733458 525
1 100 4 0.2195733458 0.2880178986 107
1 100 5 0.2880178986 0.3564624514 15
1 101 0 -0.0222508229 0.0935640283 1602
1 101 1 0.0935640283 0.2093788795 1365
1 101 2 0.2093788795 0.3251937307 765
1 101 3 0.3251937307 0.4410085819 227
1 101 4 0.4410085819 0.5568234331 61
1 101 5 0.5568234331 0.6726382843 7
1 102 0 -0.0214150005 0.0729765924 1393
1 102 1 0.0729765924 0.1673681853 1504
1 102 2 0.1673681853 0.2617597782 789
1 102 3 0.2617597782 0.3561513711 251
1 102 4 0.3561513711 0.4505429640 84
1 102 5 0.4505429640 0.5449345569 6
1 103 0 -0.1086907615 -0.0882208881 59
1 103 1 -0.0882208881 -0.0677510147 268
1 103 2 -0.0677510147 -0.0472811413 881
1 103 3 -0.0472811413 -0.0268112679 1455
1 103 4 -0.0268112679 -0.0063413945 1240
1 103 5 -0.0063413945 0.0141284789 114
1 103 6 0.0141284789 0.0345983523 8
1 103 7 0.0345983523 0.0550682257 2
1 104 0 -0.1054846171 -0.0836581136 29
1 104 1 -0.0836581136 -0.0618316101 171
1 104 2 -0.0618316101 -0.0400051066 845
1 104 3 -0.0400051066 -0.0181786031 1592
1 104 4 -0.0181786031 0.0036479004 1224
1 104 5 0.0036479004 0.0254744039 78
1 104 6 0.0254744039 0.0473009074 59
1 104 7 0.0473009074 0.0691274109 24
1 104 8 0.0691274109 0.0909539144 5
1 105 0 -0.1271675475 -0.1050121463 37
1 105 1 -0.1050121463 -0.0828567451 222
1 105 2 -0.0828567451 -0.0607013439 787
1 105 3 -0.0607013439 -0.0385459427 1491
1 105 4 -0.0385459427 -0.0163905415 1248
1 105 5 -0.0163905415 0.0057648597 242
1 106 0 -0.0107256001 0.0874678282 1453
1 106 1 0.0874678282 0.1856612565 1364
1 106 2 0.1856612565 0.2838546848 850
1 106 3 0.2838546848 0.3820481131 289
1 106 4 0.3820481131 0.4802415414 69
1 106 5 0.4802415414 0.5784349697 2
1 107 0 -0.0355579069 0.0166938099 1177
1 107 1 0.0166938099 0.0689455267 1063
1 107 2 0.0689455267 0.1211972435 1309
1 107 3 0.1211972435 0.1734489603 426
1 107 4 0.1734489603 0.2257006771 50
1 107 5 0.2257006771 0.2779523939 2
1 108 0 -0.1349251716 -0.1133650730 22
1 108 1 -0.1133650730 -0.0918049744 131
1 108 2 -0.0918049744 -0.0702448758 542
1 108 3 -0.0702448758 -0.0486847772 961
1 108 4 -0.0486847772 -0.0271246786 1755
1 108 5 -0.0271246786 -0.0055645800 611
1 108 6 -0.0055645800 0.0159955186 5
1 109 0 -0.0845813463 -0.0627181515 76
1 109 1 -0.0627181515 -0.0408549567 518
1 109 2 -0.0408549567 -0.0189917619 1472
1 109 3 -0.0189917619 0.0028714329 1584
1 109 4 0.0028714329 0.0247346277 244
1 109 5 0.0247346277 0.0465978225 85
1 109 6 0.0465978225 0.0684610173 35
1 109 7 0.0684610173 0.0903242121 9
1 109 8 0.0903242121 0.1121874069 3
1 109 9 0.1121874069 0.1340506017 1
1 110 0 -0.1178602911 -0.0980034933 24
1 110 1 -0.0980034933 -0.0781466955 136
1 110 2 -0.0781466955 -0.0582898977 570
1 110 3 -0.0582898977 -0.0384330999 1075
1 110 4 -0.0384330999 -0.0185763021 1649
1 110 5 -0.0185763021 0.0012804957 564
1 110 6 0.0012804957 0.0211372935 8
1 110 7 0.0211372935 0.0409940913 1
1 111 0 -0.0228516207 0.0154097820 955
1 111 1 0.0154097820 0.0536711847 1281
1 111 2 0.0536711847 0.0919325874 1290
1 111 3 0.0919325874 0.1301939901 420
1 111 4 0.1301939901 0.1684553928 75
1 111 5 0.1684553928 0.2067167955 5
1 111 6 0.2067167955 0.2449781982 1
1 112 0 -0.1202795148 -0.0972533404 32
1 112 1 -0.0972533404 -0.0742271660 230
1 112 2 -0.0742271660 -0.0512009916 735
1 112 3 -0.0512009916 -0.0281748172 1524
1 112 4 -0.0281748172 -0.0051486428 1277
1 112 5 -0.0051486428 0.0178775316 200
1 112 6 0.0178775316 0.0409037060 23
1 112 7 0.0409037060 0.0639298804 6
1 113 0 -0.0787323180 -0.0606746880 107
1 113 1 -0.0606746880 -0.0426170580 572
1 113 2 -0.0426170580 -0.0245594280 1485
1 113 3 -0.0245594280 -0.0065017980 1461
1 113 4 -0.0065017980 0.0115558320 340
1 113 5 0.0115558320 0.0296134620 25
1 113 6 0.0296134620 0.0476710920 17
1 113 7 0.0476710920 0.0657287220 9
1 113 8 0.0657287220 0.0837863520 7
1 113 9 0.0837863520 0.1018439820 2
1 113 10 0.1018439820 0.1199016120 1
1 113 11 0.1199016120 0.1379592420 1
1 114 0 -0.0107651210 0.0844784537 779
1 114 1 0.0844784537 0.1797220284 1665
1 114 2 0.1797220284 0.2749656031 1069
1 114 3 0.2749656031 0.3702091778 383
1 114 4 0.3702091778 0.4654527525 106
1 114 5 0.4654527525 0.5606963272 24
1 114 6 0.5606963272 0.6559399019 1
1 115 0 -0.0128187989 0.0831873583 705
1 115 1 0.0831873583 0.1791935155 1599
1 115 2 0.1791935155 0.2751996727 1060
1 115 3 0.2751996727 0.3712058299 528
1 115 4 0.3712058299 0.4672119871 124
1 115 5 0.4672119871 0.5632181443 11
1 116 0 -0.0083481261 0.0748890187 121
1 116 1 0.0748890187 0.1581261635 1098
1 116 2 0.1581261635 0.2413633083 1610
1 116 3 0.2413633083 0.3246004531 838
1 116 4 0.3246004531 0.4078375979 264
1 116 5 0.4078375979 0.4910747427 92
1 116 6 0.4910747427 0.5743118875 4
1 117 0 -0.0362579650 0.0340495384 1830
1 117 1 0.0340495384 0.1043570418 1132
1 117 2 0.1043570418 0.1746645452 731
1 117 3 0.1746645452 0.2449720486 279
1 117 4 0.2449720486 0.3152795520 52
1 117 5 0.3152795520 0.3855870554 3
1 118 0 -0.1113534615 -0.0942755745 23
1 118 1 -0.0942755745 -0.0771976875 60
1 118 2 -0.0771976875 -0.0601198005 240
1 118 3 -0.0601198005 -0.0430419135 732
1 118 4 -0.0430419135 -0.0259640265 1392
1 118 5 -0.0259640265 -0.0088861395 1499
1 118 6 -0.0088861395 0.0081917475 78
1 118 7 0.0081917475 0.0252696345 3
1 119 0 -0.1293982082 -0.1035615507 15
1 119 1 -0.1035615507 -0.0777248932 152
1 119 2 -0.0777248932 -0.0518882357 565
1 119 3 -0.0518882357 -0.0260515782 1408
1 119 4 -0.0260515782 -0.0002149207 1643
1 119 5 -0.0002149207 0.0256217368 159
1 119 6 0.0256217368 0.0514583943 49
1 119 7 0.0514583943 0.0772950518 34
1 119 8 0.0772950518 0.1031317093 2
1 120 0 -0.0064718213 0.0607629965 437
1 120 1 0.0607629965 0.1279978143 1487
1 120 2 0.1279978143 0.1952326321 1334
1 120 3 0.1952326321 0.2624674499 553
1 120 4 0.2624674499 0.3297022677 201
1 120 5 0.3297022677 0.3969370855 14
1 120 6 0.3969370855 0.4641719033 1
1 121 0 -0.0875905409 -0.0692217724 54
1 121 1 -0.0692217724 -0.0508530039 451
1 121 2 -0.0508530039 -0.0324842354 1067
1 121 3 -0.0324842354 -0.0141154669 1420
1 121 4 -0.0141154669 0.0042533016 958
1 121 5 0.0042533016 0.0226220701 39
1 121 6 0.0226220701 0.0409908386 26
1 121 7 0.0409908386 0.0593596071 8
1 121 8 0.0593596071 0.0777283756 2
1 121 9 0.0777283756 0.0960971441 1
1 121 10 0.0960971441 0.1144659126 1
1 122 0 -0.0151360439 0.0597391688 1233
1 122 1 0.0597391688 0.1346143815 1534
1 122 2 0.1346143815 0.2094895942 877
1 122 3 0.2094895942 0.2843648069 303
1 122 4 0.2843648069 0.3592400196 75
1 122 5 0.3592400196 0.4341152323 5
1 123 0 -0.1013368848 -0.0767858691 42
1 123 1 -0.0767858691 -0.0522348534 307
1 123 2 -0.0522348534 -0.0276838377 1166
1 123 3 -0.0276838377 -0.0031328220 2020
1 123 4 -0.0031328220 0.0214181937 274
1 123 5 0.0214181937 0.0459692094 139
1 123 6 0.0459692094 0.0705202251 59
1 123 7 0.0705202251 0.0950712408 18
1 123 8 0.0950712408 0.1196222565 2
1 124 0 -0.0285007767 0.0634872958 754
1 124 1 0.0634872958 0.1554753683 1377
1 124 2 0.1554753683 0.2474634408 1200
1 124 3 0.2474634408 0.3394515133 595
1 124 4 0.3394515133 0.4314395858 99
1 124 5 0.4314395858 0.5234276583 2
1 125 0 -0.1184443881 -0.0952057753 40
1 125 1 -0.0952057753 -0.0719671625 191
1 125 2 -0.0719671625 -0.0487285497 614
1 125 3 -0.0487285497 -0.0254899369 1315
1 125 4 -0.0254899369 -0.0022513241 1668
1 125 5 -0.0022513241 0.0209872887 160
1 125 6 0.0209872887 0.0442259015 36
1 125 7 0.0442259015 0.0674645143 3
1 126 0 -0.0194836127 0.0732534079 390
1 126 1 0.0732534079 0.1659904285 1522
1 126 2 0.1659904285 0.2587274491 1277
1 126 3 0.2587274491 0.3514644697 652
1 126 4 0.3514644697 0.4442014903 179
1 126 5 0.4442014903 0.5369385109 7
1 127 0 -0.0893318103 -0.0689600653 89
1 127 1 -0.0689600653 -0.0485883203 560
1 127 2 -0.0485883203 -0.0282165753 1224
1 127 3 -0.0282165753 -0.0078448303 1632
1 127 4 -0.0078448303 0.0125269147 433
1 127 5 0.0125269147 0.0328986597 54
1 127 6 0.0328986597 0.0532704047 25
1 127 7 0.0532704047 0.0736421497 7
1 127 8 0.0736421497 0.0940138947 3
