inputId Score
9045 3572.1852
9048 171.7953
9049 154.0012
9050 183.8323
9051 3407.2801
9053 755.3195
9054 247.4580
9055 168.6612
9056 190.7388
9057 275.3167
9059 180.0968
9060 163.3507
9061 246.7064
9062 150.9227
9065 151.9502
9067 170.4583
9068 176.1314
9069 685.9195
9070 202.3435
9071 176.7795
9073 151.0390
9074 154.4183
9076 154.9329
9078 150.1901
9079 154.1459
9080 1105.5698
9081 194.5519
9082 198.9784
9084 213.2470
9085 317.5794
9088 222.1144
9089 199.6238
9090 1247.4657
9091 202.6760
9093 151.8618
9095 235.9506
9096 213.0465
9098 152.9145
9099 168.8089
9101 176.2505
9102 151.2006
9104 1217.7883
9105 148.9332
9106 306.6956
9108 151.3527
9109 164.6287
9110 1237.2423
9111 1567.7623
9112 172.1331
9113 2811.6255
9114 154.9259
9115 155.4420
9116 1083.5637
9117 3394.1452
9118 163.7518
9119 152.5068
9120 442.9296
9121 3132.8776
9122 150.9644
9124 246.4663
9126 274.1433
9127 151.0385
9128 150.7725
9130 160.5391
9132 151.1075
9134 626.1146
9135 2941.0851
9137 149.8060
9138 3582.1187
9139 270.6192
9140 207.4337
9142 176.7795
9143 168.8524
9145 2394.4529
9146 4062.0747
9148 151.6992
9149 152.2960
9150 192.7057
9154 165.7951
9155 203.0468
9158 3936.1514
9159 208.1818
9160 149.2423
9161 243.7432
9163 2434.0428
9164 2890.0884
9165 153.9414
9166 151.4360
9167 1158.0002
9168 201.3921
9169 158.1218
9170 4015.9052
9172 226.4077
9173 335.2841
9174 3957.1943
9175 3150.3914
9176 215.1811
9177 206.1842
9178 911.5011
9180 172.0726
9181 169.2709
9182 2238.6914
9183 149.3095
9184 155.0690
9186 2465.6355
9187 2889.1905
9191 3973.3359
9192 184.3892
9194 249.6665
9196 151.9283
9197 168.6645
9202 3147.0567
9203 157.2026
9204 194.3281
9205 4288.1782
9206 291.6869
9207 151.6573
9208 150.2796
9209 152.0198
9210 4120.8042
9211 207.7725
9212 168.6128
9213 432.8134
9215 195.9481
9217 479.3189
9218 150.5768
9219 151.6561
9221 193.2085
9224 199.9520
9225 1972.0941
9227 154.2094
9228 232.2448
9229 275.1279
9230 152.8651
9231 165.9392
9232 162.4206
9233 154.6511
9234 190.0418
9236 459.9603
9237 180.0523
9238 158.5507
9239 270.3165
9240 954.5842
9242 149.3918
9244 155.5623
9245 150.3334
9248 151.5757
9249 337.2485
9250 163.1619
9253 153.7283
9254 267.1773
9255 2027.7578
9256 154.6245
9257 1189.9461
9258 148.5774
9259 149.0174
9260 155.4833
9262 4265.0367
9264 214.8024
9268 153.4296
9269 521.6427
9270 161.1505
9271 166.0306
9272 151.3900
9273 186.6891
9274 149.8357
9275 171.9465
9278 150.1899
9279 149.5635
9280 326.5185
9281 179.7487
9282 2333.5430
9283 237.8575
9284 154.5634
9286 2835.8319
9288 156.1516
9294 1709.0854
9295 189.6396
9297 150.8548
9298 157.1521
9300 158.7952
9302 210.8641
9303 165.9681
9304 4258.9053
9305 150.9482
9307 183.8884
9308 149.3225
9309 178.5354
9310 187.5580
9311 150.0837
9313 162.5745
9314 194.5492
9315 162.7635
9317 205.9480
9318 159.7526
9319 191.9328
9320 153.6206
9321 233.0022
9322 1531.0410
9323 3261.2080
9324 469.9437
9325 150.7862
9329 179.3190
9330 166.6612
9331 181.1295
9333 160.8159
9334 191.6501
9335 199.7293
9337 296.6273
9338 156.3012
9340 160.1571
9342 185.5913
9344 152.9758
9345 2112.9206
9346 163.8678
9347 4124.7337
9349 153.1223
9351 151.7094
9352 278.0990
9353 151.7108
9354 4168.9298
9356 149.9155
9358 4015.8618
9359 198.5975
9363 196.8094
9364 156.3297
9365 2643.0021
9366 207.1759
9368 4203.8280
9370 152.5900
9372 4176.9344
9374 1613.9796
9375 4098.3623
9376 2681.5755
9377 150.8782
9379 211.3099
9380 201.0954
9384 725.0533
9385 294.4372
9386 148.5873
9387 148.8651
9388 156.9757
9390 3435.1987
9392 515.4780
9393 150.6357
9394 557.8507
9396 174.8667
9397 169.5753
9398 189.2704
9399 185.4921
9401 202.4567
9403 207.7482
9404 254.4765
9405 149.9952
9408 164.6287
9409 1041.8613
9410 150.1359
9411 675.3107
9413 184.8473
9418 150.8649
9420 155.0698
9423 183.1660
9424 339.0129
9425 151.7863
9426 157.7867
9430 3108.1122
9431 2738.3526
9432 156.2338
9433 1821.4825
9434 445.8986
9435 2428.1747
9436 3062.0964
9437 154.9131
9438 160.9574
9439 181.5796
9440 855.3705
9441 374.8040
9442 181.1295
9444 150.7515
9445 257.9742
9446 148.6170
9447 159.5686
9448 151.4244
9449 512.2202
9450 176.5680
9451 169.0869
9452 152.0768
9453 171.0842
9454 181.0090
9456 151.5168
9458 149.9269
9459 243.3210
9461 160.1889
9463 154.9858
9465 184.0759
9467 152.2272
9468 180.8449
9469 265.4627
9471 178.0410
9474 151.7172
9477 204.8273
9479 1097.4941
9483 200.6160
9484 171.5139
9485 149.0809
9486 240.2145
9488 204.5727
9489 151.6072
9490 170.7132
9491 175.7259
9492 971.0518
9493 184.1341
9494 3242.9483
9497 161.6304
9498 1812.2262
9501 276.6103
9504 151.1210
9505 152.0770
9506 490.1512
9507 178.4908
9510 220.5220
9511 1869.7126
9512 255.6031
9514 243.3844
9515 254.1470
9516 157.4051
9517 176.9884
9518 227.1610
9520 177.7721
9521 205.9191
9523 164.5630
9525 166.8974
9526 3313.8959
9528 206.8367
9530 153.4841
9532 180.1070
9534 159.5125
9536 149.4648
9537 300.8726
9541 205.2850
9542 393.7301
9544 272.9586
9545 153.6145
9548 173.3671
9549 154.0845
9551 3577.2060
9552 224.9186
9554 162.9421
9557 151.9351
9559 150.7997
9560 148.5155
9561 167.8812
9562 407.3439
9565 173.7755
9568 259.4956
9569 3786.0803
9570 178.2760
9571 2463.1717
9572 151.6430
9573 151.9852
9574 151.8541
9575 4262.5363
9576 265.1412
9577 156.1516
9579 193.7002
9580 1237.7808
9581 157.0159
9582 437.0907
9584 159.4591
9585 181.1295
9587 1524.5015
9588 1588.8699
9590 3919.4520
9591 176.5680
9594 3086.7633
9595 154.1323
9596 379.4562
9597 260.3381
9599 151.0466
9601 160.7469
9602 153.8209
9603 153.5472
9605 3283.6479
9606 281.3549
9608 2041.9726
9609 154.5331
9611 151.4745
9613 4154.4352
9616 4141.1336
9617 2144.3146
9619 180.1302
9620 150.8118
9621 153.2925
9624 197.3488
9625 149.7439
9626 220.1958
9627 182.2006
9631 206.4159
9632 334.3290
9634 195.5293
9636 278.4433
9637 265.2348
9638 2461.6836
9639 193.1501
9643 1775.5553
9645 3373.8336
9646 149.6223
9647 899.9544
9648 2498.5814
9649 150.6319
9650 150.8714
9653 157.1630
9655 2341.2154
9656 151.4387
9657 207.2626
9658 165.1707
9659 291.6927
9660 239.0232
9661 1091.3884
9662 241.3347
9663 177.9957
9666 1306.6582
9667 151.2682
9669 181.5796
9672 149.0405
9674 154.2134
9677 167.7611
9678 1565.4185
9679 170.7864
9680 1261.6120
9681 198.5836
9683 221.0606
9684 235.1873
9686 165.2311
9687 171.7867
9693 150.6320
9695 1825.6015
9697 2810.5787
9698 4127.5416
9699 169.3260
9700 150.7005
9701 163.9835
9702 826.4480
9703 207.4337
9704 2590.3024
9706 171.9465
9707 333.0497
9710 3178.0050
9711 275.3167
9712 237.7888
9721 2369.9416
9725 155.8706
9726 159.5699
9727 1678.6685
9730 166.9639
9731 171.2030
9733 149.2346
9734 2468.6544
9735 174.8060
9736 170.6947
9737 548.2381
9740 256.8570
9741 186.6590
9743 181.0174
9745 278.7058
9746 293.0404
9748 191.2507
9749 150.7068
9750 150.2983
9751 194.2336
9752 374.1664
9754 150.9105
9755 158.2336
9756 198.6193
9757 193.3134
9758 4262.0937
9759 1501.7553
9760 189.4209
9761 155.4247
9762 199.3549
9763 150.6854
9764 1996.5526
9765 195.5293
9768 2800.2841
9769 185.2549
9771 158.4188
9775 457.9938
9776 198.1426
9777 221.2692
9778 263.6861
9779 200.6021
9780 925.6455
9782 1552.2035
9783 149.1893
9785 216.3787
9786 306.4627
9787 160.1072
9788 1951.0852
9789 151.9201
9790 192.0265
9792 172.7083
9796 228.4688
9797 154.9308
9799 150.2259
9800 2120.8643
9801 220.3060
9803 149.2327
9804 202.0254
9805 372.8605
9806 152.1687
9807 727.2281
9808 234.4303
9809 150.7705
9811 156.7875
9812 172.7651
9814 151.7098
9815 171.8576
9816 854.2767
9817 162.3573
9818 247.1092
9819 1598.9545
9820 325.0711
9821 150.8597
9822 158.2122
9823 160.2099
9824 4234.0506
9825 195.0788
9826 159.7435
9828 150.6833
9829 281.3549
9830 180.1639
9831 153.3513
9832 152.3124
9833 190.5436
9836 247.1197
9837 166.9616
9839 152.2564
9840 216.0934
9841 192.3836
9843 153.6448
9844 157.4144
9845 4229.3861
9846 186.3252
9847 169.5022
9848 150.0401
9852 279.5069
9853 156.0576
9854 149.6117
9856 4182.1984
9858 148.5646
9859 171.4458
9860 147.4232
9862 148.6686
9863 151.0649
9864 152.1892
9865 265.9872
9867 343.3084
9868 156.4239
9869 150.9486
9871 4046.5190
9872 234.9071
9873 149.8621
9874 1655.7282
9875 153.2116
9876 169.0621
9878 239.8257
9879 190.0983
9881 157.3691
9883 248.1563
9884 178.5354
9885 2372.7251
9887 149.0853
9888 232.1742
9889 149.4519
9890 154.0731
9891 242.2775
9893 4036.2471
9894 171.0049
9896 170.6337
9898 195.5293
9899 150.8153
9900 4056.5385
9902 500.5319
9903 151.4068
9905 151.5052
9906 150.3312
9907 165.9155
9909 1040.7643
9911 397.6658
9919 200.3517
9920 175.6112
9921 207.2051
9922 156.0023
9923 224.2674
9924 154.7043
9925 180.0771
9926 590.7806
9928 185.3738
9929 171.9465
9931 170.3492
9932 158.4751
9935 148.9652
9936 3271.9620
9937 4233.5157
9941 796.2657
9943 151.0459
9944 152.8539
9945 176.0265
9947 1959.3038
9949 585.7300
9950 188.8875
9952 148.9679
9953 916.3831
9954 162.3719
9955 3067.6177
9956 3858.2836
9957 1815.4237
9958 3955.9327
9959 197.5530
9960 150.0794
9961 150.0146
9962 1471.0032
9965 661.5923
9966 221.0606
9968 249.3330
9969 164.7256
9970 2148.1753
9971 154.4404
9972 199.1863
9976 475.3161
9977 2891.3030
9978 333.4976
9980 386.5971
9982 158.5507
9983 182.7789
9985 224.5695
9986 361.9301
9987 309.0509
9989 1003.8488
9990 164.6826
9991 155.4355
9992 202.0254
9993 180.6300
9994 154.0154
9995 282.3445
9996 151.9852
9997 2428.8810
9998 151.8340
9999 150.9098
10000 187.4213
10001 1673.4408
10002 339.4941
10004 151.1400
10005 157.1631
10006 190.3396
10007 159.8408
10008 3821.6953
10009 781.6260
10010 238.0683
10011 152.4954
10012 159.3586
10013 152.7707
10015 161.4590
10018 182.8377
10021 337.6370
10022 150.8424
10024 3095.1819
10028 239.3786
10029 151.1232
10031 4235.6055
10034 242.7066
10036 310.3210
10038 227.5052
10039 4154.9311
10040 4127.5494
10041 263.4146
10044 392.9163
10045 184.4490
10046 149.2255
10048 335.7381
10049 175.0810
10050 3660.4601
10051 183.3540
10052 166.0915
10054 149.2876
10060 152.2587
10063 201.4110
10064 227.7086
10065 152.3317
10066 177.8497
10068 152.6546
10069 4098.3623
10071 188.6513
10074 155.7798
10075 290.7878
10076 156.0085
10077 3001.6850
10079 321.8439
10080 4231.9608
10083 324.8349
10084 152.9444
10085 880.0203
10086 179.5674
10087 979.2702
10088 3433.6572
10089 157.1479
10090 153.0878
10092 160.3660
10093 151.5365
10094 152.5763
10095 167.7421
10096 150.1030
10097 149.5804
10098 156.7887
10100 208.0319
10103 3812.0574
10104 150.0803
10106 3965.6937
10107 175.6112
10108 162.8601
10109 217.0306
10111 149.5399
10112 152.5410
10113 181.1295
10114 170.6034
10116 151.6497
10117 1114.1711
10118 166.0454
10119 193.1128
10120 4150.7131
10121 160.8956
10126 622.1537
10128 3480.5515
10130 4072.2087
10132 153.3268
10133 158.5507
10134 151.2121
10135 149.4852
10136 152.3774
10137 2768.5638
10138 150.4423
10139 198.0550
10140 152.9838
10141 4089.9245
10142 166.1736
10143 151.5942
10144 160.1903
10145 185.8836
10147 171.9465
10148 156.5075
10149 152.5347
10150 161.2312
10151 238.8220
10152 183.6815
10153 149.8278
10155 153.4949
10156 221.5288
10158 158.5507
10159 765.1922
10160 152.4025
10161 153.2666
10162 243.1440
10163 157.4736
10164 207.7484
10165 190.6375
10166 3569.8241
10167 149.6390
10170 173.1245
10171 156.5752
10172 3962.8335
10173 150.3981
10174 156.4034
10175 194.6820
10176 150.5074
10177 159.0763
10178 150.3241
10179 195.5293
10182 167.1946
10183 152.9811
10186 173.8873
10187 149.9636
10189 148.9701
10190 152.0879
10191 161.0012
10192 152.1606
10193 179.5674
10194 149.2876
10195 149.2689
10196 3088.5845
10200 217.6089
10201 4124.1573
10202 181.5796
10203 418.6374
10204 225.2071
10205 148.2267
10206 148.3810
10207 148.3095
10210 4065.0086
10212 214.8638
10213 183.9074
10214 4204.9421
10215 184.6515
10218 188.7540
10219 1649.3376
10220 403.5961
10221 150.0720
10222 190.7164
10223 148.9073
10224 234.2163
10225 225.0114
10226 154.3735
10227 2554.4921
10228 158.5507
10231 149.8338
10233 180.0183
10234 2053.7380
10236 193.7408
10239 162.3770
10241 310.5098
10242 766.1143
10243 186.3016
10244 159.9617
10245 149.7863
10246 228.2347
10247 707.7678
10248 181.1027
10249 150.4154
10250 167.2221
10251 156.6708
10253 152.4010
10255 155.9164
10256 429.3754
10257 213.5103
10258 227.4066
10260 228.8116
10261 186.0201
10263 183.7087
10265 463.9116
10267 1021.1606
10271 153.5013
10273 1950.8157
10275 152.0308
10279 194.6954
10280 1253.8231
10281 1095.2184
10284 193.0977
10285 191.1826
10289 929.8921
10290 2027.2741
10292 153.7968
10293 2012.8819
10295 178.3817
10296 153.7938
10297 374.8725
10299 175.6056
10300 151.6848
10301 153.7452
10302 151.8157
10303 154.3381
10304 149.5156
10306 152.4802
10307 150.2061
10310 555.5145
10311 201.2407
10312 206.5563
10314 193.4120
10315 2954.3226
10316 148.9631
10317 190.7739
10318 152.5920
10319 159.3740
10320 151.4355
10321 183.8097
10322 150.1544
10323 149.6840
10324 221.2569
10325 150.0506
10328 3062.9149
10329 623.8598
10330 150.8505
10332 155.1879
10334 156.4717
10336 156.0535
10337 157.4055
10338 281.0775
10341 150.5763
10342 2034.5280
10343 155.0813
10344 149.2307
10345 198.2866
10346 211.7584
10349 172.4610
10350 396.0514
10351 884.2885
10352 191.7932
10353 432.6754
10355 2749.5916
10357 150.8335
10358 167.9686
10359 3226.6716
10360 157.1061
10361 3629.8307
10363 352.8648
10364 179.3636
10367 175.6112
10368 194.7892
10370 161.3953
10371 150.2942
10374 154.3353
10375 278.1513
10376 155.7942
10377 198.4594
10378 156.9970
10379 212.3055
10380 160.6638
10382 170.1955
10385 150.9786
10386 197.8610
10387 269.7532
10389 221.3154
10390 508.6362
10391 151.3873
10394 157.2295
10395 168.3426
10396 150.9395
10399 159.4011
10400 150.7248
10401 3228.7470
10402 151.1274
10403 150.9618
10404 148.1798
10406 220.2831
10407 153.6079
10408 2580.8368
10409 177.2756
10410 1847.1146
10411 4255.0280
10412 596.3318
10414 2863.2583
10415 3852.5323
10417 158.4794
10418 150.3126
10419 149.2740
10420 181.5796
10421 149.9865
10422 196.3557
10424 155.4827
10425 162.1774
10426 2311.6556
10427 229.0057
10429 153.9534
10430 168.6044
10431 626.0654
10434 4255.0280
10435 154.1386
10437 149.1400
10438 191.7718
10439 151.4874
10440 2389.7700
10443 153.3170
10446 184.6222
10447 161.8206
10450 2797.6210
10451 213.6935
10452 211.1985
10453 1355.1595
10454 2400.8039
10457 229.8121
10459 149.5103
10461 169.2998
10462 150.5756
10463 192.7196
10464 152.9725
10466 3310.5404
10468 212.1473
10469 2869.4298
10470 208.9657
10471 4065.0086
10472 151.6223
10473 153.8600
10477 241.6582
10478 325.6357
10480 181.7739
10481 310.3437
10482 205.1761
10484 151.9664
10485 169.8674
10487 197.4905
10488 216.0092
10490 200.7685
10491 173.3671
10492 189.0177
10493 149.5871
10496 170.0541
10498 737.9896
10501 520.8118
10502 4229.3861
10503 4236.9782
10504 4113.0905
10505 168.8447
10508 156.7989
10509 952.2991
10510 158.5507
10511 148.6916
10512 161.5411
10513 1780.7722
10515 162.1977
10516 166.0119
10519 218.9110
10520 2251.2122
10522 155.5667
10523 336.9763
10524 151.7389
10526 216.3787
10527 194.6976
10528 4037.9028
10529 156.1777
10530 2959.9952
10532 154.3468
10533 213.8529
10534 182.2736
10535 382.8679
10537 149.9785
10539 166.8318
10540 195.4443
10541 166.3051
10543 209.4549
10544 151.6162
10545 154.4811
10546 194.3036
10547 153.2494
10548 4059.5057
10549 188.9192
10550 182.5727
10551 1117.8479
10552 151.0083
10553 150.2129
10556 152.2360
10558 161.8926
10560 172.6889
10561 153.5644
10562 192.9728
10563 170.8548
10564 150.0138
10565 2523.7379
10566 151.1049
10567 149.9860
10569 995.7016
10571 183.3645
10572 372.1450
10573 159.9595
10574 174.8667
10577 179.4205
10584 150.5257
10585 150.2663
10586 179.7533
10587 338.9416
10588 2097.4278
10589 151.8385
10591 452.5194
10592 151.1512
10593 3426.2325
10595 3890.2813
10596 1951.3066
10598 192.6207
10601 178.3953
10602 162.5072
10603 232.8625
10604 160.1797
10605 241.4928
10608 3035.2742
10610 157.9385
10612 191.7746
10613 172.6053
10616 176.0924
10617 761.1213
10618 197.1835
10622 3399.4566
10623 3794.7790
10624 150.9399
10625 185.2021
10627 1128.4781
10628 189.8243
10629 241.1568
10631 2104.4462
10633 151.2919
10634 2567.7017
10636 206.1317
10637 213.6624
10638 152.9832
10640 175.5195
10641 154.3921
10643 3808.8253
10644 150.8900
10646 168.0022
10647 157.3646
10648 154.2146
10649 156.2602
10650 208.1200
10651 181.5570
10654 236.2290
10655 150.6940
10657 150.7892
10658 159.9017
10660 156.7768
10661 151.8183
10663 157.2822
10664 180.1070
10669 372.1450
10671 163.2636
10673 1552.2035
10675 180.3053
10676 220.1058
10678 150.7005
10679 150.9586
10680 149.1641
10681 181.1295
10682 150.7877
10683 181.5796
10684 148.9234
10685 151.6239
10686 152.1646
10688 152.8673
10689 149.8911
10690 150.5763
10693 151.6809
10694 152.1920
10695 208.6107
10696 151.7707
10697 199.5738
10698 159.0711
10699 400.5839
10700 244.1299
10701 1548.9315
10702 3310.2935
10704 153.9811
10705 188.3168
10706 150.5680
10707 148.9164
10709 1998.9226
10711 352.3237
10712 193.7408
10713 219.5116
10714 232.1375
10715 184.5026
10716 1616.4714
10717 152.6256
10718 155.0795
10719 152.8358
10720 253.6972
10721 4260.9951
10723 174.9461
10727 171.9465
10728 181.5485
10730 2177.8958
10733 218.3805
10735 196.4485
10736 224.5684
10737 406.7876
10738 158.8420
10739 3863.2215
10740 165.1108
10741 156.0399
10743 647.5364
10750 195.0860
10751 3198.5371
10752 223.5094
10755 326.8458
10758 153.8207
10759 175.1810
10760 148.1924
10761 407.4823
10762 232.5129
10765 273.0471
10768 221.5441
10770 235.1980
10771 1889.9412
10773 152.1993
10774 150.5015
10776 205.0741
10777 156.4690
10778 1840.2293
10779 152.5674
10780 3567.1138
10781 177.9957
10782 335.0264
10783 1274.0923
10785 689.6146
10787 3551.1763
10788 218.3472
10790 185.9508
10791 268.1505
10792 240.8298
10794 204.6973
10796 153.5171
10797 2461.6836
10802 454.0915
10803 1438.0815
10804 174.4971
10806 296.6273
10807 171.3160
10808 190.8515
10809 507.5955
10810 150.0458
10811 2565.5710
10812 659.6376
10814 150.0564
10815 4065.0086
10818 160.0801
10820 218.6650
10821 2345.8751
10822 159.9271
10823 149.6153
10825 159.4888
10828 858.0377
10829 184.1425
10831 186.0730
10832 881.4984
10835 197.4854
10836 235.2381
10838 4114.7529
10839 318.8990
10840 155.2124
10841 157.7423
10842 151.6053
10843 185.1504
10846 151.4263
10847 189.7799
10848 152.2698
10852 176.0785
10853 164.7221
10855 156.4381
10856 307.1067
10858 182.2736
10859 149.2863
10860 306.0893
10861 194.7085
10862 150.8853
10863 150.0793
10864 153.0956
10865 3962.1714
10866 481.8767
10867 3838.6512
10868 2572.3821
10869 1010.6946
10870 154.8770
10871 436.7263
10874 3008.2530
10875 151.2540
10876 2144.3146
10877 182.0772
10878 154.8655
10879 149.5115
10880 164.0146
10881 151.5377
10882 149.2587
10883 437.0666
10884 156.3226
10886 3292.5725
10887 166.6494
10888 3628.0520
10890 375.7647
10892 154.5470
10893 151.7512
10894 2020.3891
10895 1111.0045
10896 185.8726
10897 149.3558
10898 209.6536
10899 180.5459
10900 2716.2194
10907 1987.7530
10908 171.6301
10910 247.9868
10911 152.9031
10912 3128.8938
10913 153.0661
10915 1721.1638
10916 372.1227
10917 210.2302
10918 193.9444
10921 1435.2657
10923 151.1975
10924 895.3122
10925 247.1092
10926 170.7887
10927 187.7901
10928 193.7408
10929 153.7045
10930 149.9155
10931 382.8679
10932 4096.4285
10933 153.8735
10934 192.1933
10935 242.4902
10936 151.2587
10938 222.4182
10940 148.4450
10941 250.5540
10943 198.3331
10945 4117.3398
10946 150.5475
10947 740.9617
10948 153.5042
10951 307.1389
10952 149.1103
10953 246.2698
10954 1372.5794
10955 154.2972
10957 255.7891
10958 429.0096
10959 166.5293
10960 151.5898
10961 150.0803
10962 150.4644
10963 151.2236
10964 197.3029
10965 189.1253
10967 294.6203
10968 3909.9750
10969 151.4603
10971 157.7855
10973 189.9659
10974 169.1859
10975 226.7380
10976 167.2305
10978 292.1088
10979 163.3728
10980 2009.9558
10982 151.8217
10983 156.1748
10985 236.3425
10986 152.9221
10987 150.6684
10988 181.3960
10989 4030.2777
10995 149.2373
10996 1867.6603
10998 162.9043
11001 2191.1919
11002 157.0505
11004 197.9740
11007 310.4269
11008 374.0759
11009 166.1036
11010 209.7521
11012 176.8697
11013 148.3360
11014 149.7762
11015 437.5913
11017 689.6146
11018 1673.4408
11019 165.0949
11021 189.2317
11022 356.5177
11023 368.3872
11024 152.3828
11025 149.9699
11027 4030.2777
11028 576.0557
11029 2185.4606
11030 207.0391
11034 195.5293
11037 238.1804
11039 3128.5766
11040 173.6119
11041 150.8276
11043 374.1969
11044 218.4163
11045 170.4967
11050 261.9055
11051 179.1789
11052 148.2933
11054 154.8809
11056 237.2666
11058 244.3824
11059 1508.2073
11060 151.2676
11061 151.0370
11062 176.1314
11064 152.9898
11065 571.0524
11066 523.2670
11067 1853.9407
11070 264.4467
11071 284.4336
11074 148.4328
11075 149.2508
11076 154.5351
11077 173.1486
11078 192.6458
11079 148.5384
11081 186.1494
11084 3810.6711
11086 272.1785
11087 149.1759
11088 170.9902
11089 3248.0205
11090 171.5586
11091 177.9957
11092 149.4549
11093 151.9803
11094 2137.0026
11096 152.2801
11097 217.7769
11098 171.9465
11099 4287.0640
11100 284.8763
11101 169.2712
11103 157.5314
11105 192.7196
11108 158.5868
11110 219.1360
11112 149.4626
11113 152.7988
11114 149.9785
11116 151.3433
11117 237.8139
11118 149.2149
11119 159.6715
11120 187.5580
11121 153.7864
11122 163.3805
11123 151.7813
11124 179.7533
11126 340.0170
11127 150.7405
11128 170.0922
11130 2614.5520
11131 193.4620
11132 153.3270
11137 3390.1392
11140 240.4373
11143 294.3450
11144 149.0079
11145 275.1332
11146 248.8798
11147 158.5507
11150 214.1874
11151 149.3888
11152 149.4278
11153 164.8788
11154 2218.3559
11155 241.7661
11156 194.1328
11157 165.1033
11158 159.9316
11160 149.2640
11163 187.5580
11164 1219.7083
11165 250.6425
11166 191.8708
11167 348.7761
11168 1660.2098
11169 187.5580
11171 3365.8649
11172 190.1145
11173 150.3278
11174 282.4120
11175 212.1473
11176 151.2472
11177 173.8090
11178 150.5648
11179 2670.8943
11180 165.0361
11181 218.9110
11183 4234.0506
11185 204.8935
11187 151.0818
11188 229.9617
11190 150.9451
11191 184.6515
11194 157.9025
11195 271.3590
11196 174.3761
11199 149.3668
11200 151.3470
11201 538.5968
11202 188.8508
11203 3901.2556
11204 223.1354
11205 153.1000
11206 156.5435
11207 169.1961
11210 157.5415
11211 235.7251
11213 152.8301
11215 4021.3619
11216 178.1191
11219 196.2187
11220 208.1259
11223 1895.9655
11224 1662.1632
11226 4045.8925
11227 255.6873
11228 182.2736
11229 4236.5727
11230 165.8014
11231 153.5085
11232 151.0674
11235 183.9474
11236 3772.3280
11237 152.2480
11238 207.6103
11240 157.3761
11242 180.3685
11244 3757.1347
11245 150.4401
11246 1175.5756
11247 272.2790
11248 518.4408
11251 158.5507
11252 156.3045
11254 152.4852
11255 148.4739
11256 150.5996
11257 275.3863
11258 3855.6178
11259 153.8489
11260 176.9575
11262 167.6838
11263 3733.9706
11265 198.7196
11266 430.6498
11268 165.5334
11269 2152.4269
11270 147.6579
11273 4114.6455
11274 271.8108
11275 183.4701
11276 169.4093
11277 925.3482
11278 153.1556
11279 171.9465
11280 3794.7790
11281 151.9501
11282 4180.2457
11287 198.0332
11288 3965.8473
11289 149.4267
11290 150.0945
11292 193.7072
11293 179.9551
11294 314.4455
11295 294.1402
11296 153.3344
11298 169.6646
11300 235.3666
11301 220.0587
11302 4074.3663
11305 1018.6099
11307 155.3287
11308 1905.7309
11309 150.8884
11313 152.9898
11314 150.9691
11316 235.7251
11317 181.1295
11318 1980.9287
11319 176.8448
11320 232.9482
11321 196.8444
11322 149.2423
11323 1092.1594
11324 153.5931
11325 244.9399
11326 158.3639
11327 172.8176
11330 297.5350
11332 4088.8505
11333 2171.9554
11334 192.0265
11335 260.9135
11338 157.8468
11339 2109.3988
11340 3810.1479
11341 150.4709
11344 445.8986
11345 163.3185
11346 2753.3642
11349 149.7502
11351 254.0876
11353 158.2769
11355 150.6031
11357 152.2159
11358 4209.4051
11363 4270.2130
11364 240.5539
11369 173.1845
11370 4063.3992
11371 150.3425
11372 156.0262
11373 148.7696
11374 151.8900
11375 150.9455
11376 190.1980
11377 149.3333
11378 1381.0627
11380 151.4621
11381 3662.7435
11382 1547.0220
11384 4121.5792
11386 149.3225
11390 149.6689
11391 157.3760
11392 2580.2307
11393 161.1989
11394 158.5507
11395 265.8849
11396 180.1070
11397 2793.0371
11399 160.0142
11400 155.4742
11402 156.1987
11405 152.1695
11406 148.4342
11407 185.7011
11408 2882.2654
11409 195.5293
11410 4030.2777
11411 151.0380
11413 1058.2715
11416 4178.4893
11417 155.2217
11419 1986.7632
11421 148.1487
11422 197.9239
11423 176.5680
11425 263.4512
11426 798.5576
11427 2997.8429
11428 155.3387
11429 177.7364
11431 2044.9644
11432 682.2019
11433 205.8947
11434 183.2115
11435 171.7042
11436 2730.6207
11437 191.0718
11438 191.4390
11439 185.7672
11440 166.3312
11441 4178.4893
11442 250.6085
11443 185.5676
11445 169.3754
11448 4098.3623
11449 2384.6869
11450 158.0750
11451 2744.3443
11452 156.0114
11453 236.1801
11456 425.7125
11458 150.0752
11460 160.7426
11463 162.0904
11465 223.1456
11466 151.1613
11468 151.1779
11469 161.4303
11470 181.1295
11472 1910.4761
11475 181.5367
11477 239.5686
11478 169.8472
11480 859.3940
11481 167.2327
11482 165.4456
11483 157.2170
11484 151.8707
11486 153.8735
11487 2878.2416
11490 2885.4350
11491 171.0956
11492 1884.8259
11493 870.8069
11496 153.4167
11497 185.5676
11498 151.6804
11500 185.6465
11502 230.2576
11504 153.1031
11505 200.0011
11506 186.7828
11507 3765.1510
11509 195.5293
11511 153.5646
11512 148.1837
11514 149.3598
11516 226.9337
11517 3307.9140
11518 3863.0495
11519 4234.0506
11520 2459.7041
11521 155.6906
11525 184.0722
11526 149.1356
11527 181.5796
11529 185.4470
11531 3288.9732
11532 191.4390
11533 151.3041
11534 159.9365
11535 224.8931
11536 195.5293
11537 546.5983
11538 222.1561
11540 159.9047
11541 240.5096
11542 157.9025
11543 153.1512
11544 1617.3936
11545 242.1300
11546 194.0882
11547 233.0415
11548 154.8068
11549 3917.8106
11550 3589.5422
11551 1062.3830
11552 1985.4452
11556 180.7144
11557 151.8553
11558 188.8763
11561 149.3753
11563 188.2672
11569 153.0790
11572 196.4917
11573 157.4696
11576 400.3607
11577 273.0405
11578 236.9551
11580 152.2526
11582 749.2724
11583 690.7876
11584 153.5186
11585 159.7780
11586 151.3823
11587 4114.6455
11588 204.8518
11589 149.4099
11590 1527.7009
11591 3906.1379
11592 229.4548
11596 299.8992
11597 2548.4280
11598 195.5293
11599 190.0892
11600 262.9168
11601 268.1920
11602 205.8218
11603 150.3765
11604 195.5923
11605 176.3795
11606 181.6490
11607 2148.3643
11608 151.3527
11611 148.7606
11613 3362.9626
11614 150.8219
11615 148.0054
11616 155.7798
11617 153.7145
11618 203.9878
11619 156.6234
11620 174.8570
11622 172.4610
11623 152.3777
11626 206.9030
11627 3839.7335
11630 153.1996
11631 152.2606
11632 152.0962
11633 152.2765
11635 198.2163
11636 245.4612
11637 2111.1430
11638 149.9366
11639 174.5879
11641 251.6934
11642 180.5898
11647 152.3832
11650 229.9415
11651 1786.6961
11652 192.6439
11655 1820.6427
11656 152.3990
11657 149.7787
11658 211.4147
11660 195.7096
11661 151.9036
11663 154.9988
11664 150.6082
11665 178.5354
11667 152.5469
11669 157.2973
11672 190.7645
11673 152.1618
11675 150.0401
11676 216.9298
11678 204.7152
11680 151.8183
11682 176.5680
11683 178.9432
11685 219.5138
11686 247.5901
11687 340.6054
11689 4116.8427
11692 203.8894
11693 197.7244
11694 160.2099
11695 149.2730
11696 149.4146
11698 1614.9490
11699 151.1635
11700 168.4349
11701 159.2083
11702 208.1317
11703 177.0882
11704 150.7005
11707 165.4223
11708 152.4961
11709 2152.1116
11711 155.8143
11715 4124.1573
11717 152.9549
11718 2382.7209
11719 150.2921
11720 152.5442
11723 197.3029
11726 152.2716
11728 287.2352
11729 3275.1135
11730 182.2736
11731 192.7666
11733 149.4064
11734 149.3826
11735 1853.0616
11736 154.2169
11737 173.2102
11738 160.7453
11739 155.6095
11741 181.5981
11742 181.5796
11745 151.3456
11747 1715.5778
11750 4207.8502
11751 3282.1663
11752 522.4506
11754 156.3899
11756 151.6227
11757 173.6458
11759 169.7931
11760 154.0767
11761 149.3193
11762 152.2366
11767 282.5721
11768 220.3034
11769 158.5037
11770 150.9202
11771 188.0065
11773 162.9793
11774 151.6272
11777 202.8744
11778 151.3823
11779 156.0897
11781 1461.9080
11783 193.1421
11784 149.6246
11786 150.8249
11787 244.1299
11789 152.3927
11790 4205.3829
11793 287.4505
11794 153.0988
11796 190.2950
11797 2112.2018
11799 184.9006
11800 1472.4327
11801 153.2136
11802 169.9556
11805 1097.8124
11806 201.0846
11808 193.8553
11810 304.1392
11811 235.5584
11812 177.9957
11813 154.2593
11814 172.3222
11816 3356.9817
11818 157.9017
11819 4048.8647
11821 213.2463
11822 161.2311
11823 954.2060
11827 163.0480
11829 197.4627
11830 176.7515
11832 188.8623
11834 150.0413
11836 199.0685
11838 155.4406
11840 165.2197
11841 251.6616
11842 237.2908
11843 211.0425
11844 155.0642
11845 254.9046
11846 234.2490
11849 172.8339
11850 693.2559
11851 226.8754
11853 150.6405
11858 149.1551
11859 167.0824
11860 2250.8593
11861 177.3476
11862 2191.1259
11863 159.2963
11865 149.0074
11866 151.4579
11867 286.6143
11868 175.5051
11869 3967.1513
11870 2098.5910
11871 163.9615
11872 151.9396
11873 192.1322
11874 151.6183
11875 327.6630
11876 622.7660
11878 150.6654
11880 232.1375
11881 274.1039
11883 229.0194
11885 151.2510
11887 149.2602
11888 1260.3001
11889 150.4714
11891 181.8992
11893 149.1549
11895 155.0690
11897 151.9317
11898 3829.5262
11900 152.0704
11902 3497.5271
11903 3668.5640
11905 2535.5865
11906 164.7845
11907 168.8598
11908 2642.5855
11909 151.4823
11910 277.3680
11914 3796.2953
11916 170.5973
11918 150.0803
11919 151.4012
11920 149.8435
11921 3413.0685
11923 168.3644
11925 174.8667
11926 173.8010
11927 606.3409
11928 173.3671
11929 386.9037
11930 163.8747
11933 195.5293
11935 168.3205
11937 156.7537
11938 160.9100
11939 3060.9391
11940 152.4250
11941 169.6611
11942 148.4711
11943 199.3549
11944 150.7389
11945 3310.2935
11946 152.2586
11948 150.6327
11949 403.4935
11950 149.5260
11951 215.9391
11952 197.0323
11953 160.9077
11956 3453.2618
11957 178.9213
11958 154.8770
11959 154.3643
11961 656.5439
11962 181.5570
11963 156.5265
11967 151.4932
11968 204.5341
11973 282.5261
11974 193.3485
11975 152.4698
11977 234.5109
11978 201.4578
11981 183.7087
11983 195.5293
11984 211.8172
11989 180.4333
11991 202.2373
11992 152.1918
11994 4046.6610
11995 194.6820
11996 3311.7230
11998 150.0309
11999 154.9668
12000 181.9435
12001 148.8864
12002 195.5293
12003 300.4318
12004 192.0618
12006 151.8642
12008 626.6658
12009 149.7765
12013 154.4480
12015 180.1070
12016 166.7406
12017 163.5302
12018 152.2228
12019 463.9810
12021 149.8486
12024 181.5570
12026 153.5726
12027 224.9007
12028 394.5473
12029 712.4633
12030 165.3213
12032 245.3901
12033 547.5016
12034 229.0057
12035 273.1021
12036 310.9919
12037 152.6894
12038 218.5309
12039 180.3734
12040 179.6020
12041 490.3119
12042 149.1324
12045 582.7688
12046 150.1538
12047 242.4657
12048 175.6304
12049 286.2940
12051 4151.1383
12053 154.0099
12054 164.3002
12055 197.5685
12056 310.7747
12057 149.5615
12058 194.0310
12062 150.2561
12063 4197.5364
12064 151.6852
12067 151.2016
12069 3337.7636
12070 702.1977
12071 147.6886
12072 154.3714
12075 150.7961
12076 190.7612
12080 181.1440
12081 151.3704
12082 153.5830
12083 160.6987
12085 227.2989
12087 2974.3530
12088 277.7210
12090 150.8616
12094 250.8370
12098 186.1066
12101 150.9410
12102 220.3060
12103 151.5838
12104 184.6515
12106 150.2111
12107 219.7350
12109 151.2350
12113 150.8211
12114 185.3738
12115 150.8776
12116 194.3514
12118 485.0500
12119 211.2271
12120 188.0534
12122 151.8842
12124 150.6436
12126 150.4644
12127 256.1085
12129 152.7556
12130 728.0054
12133 192.1998
12135 150.8416
12136 953.7618
12137 2355.1090
12138 152.0188
12139 212.4257
12140 580.5242
12141 150.6543
12142 334.3563
12145 165.2891
12146 149.4827
12147 2909.2990
12148 151.5378
12149 154.9308
12150 151.4882
12151 209.5977
12152 180.3147
12153 147.9277
12154 1966.1546
12155 148.9608
12156 154.9292
12157 297.7626
12158 231.0674
12159 205.4468
12160 222.8326
12162 149.2014
12163 149.9159
12166 251.0423
12167 190.9473
12168 240.0857
12170 156.4239
12171 493.7287
12175 694.7458
12178 261.3234
12179 327.9972
12181 227.6481
12182 2393.3586
12184 286.3501
12186 159.0014
12189 3223.7887
12190 2575.2123
12191 1082.3646
12192 268.4722
12193 898.0493
12195 178.6078
12196 162.9721
12197 181.3032
12198 3929.5310
12199 2603.5955
12200 154.1339
12202 155.2648
12204 155.5723
12205 152.0121
12206 159.4310
12207 1237.4507
12208 241.6582
12210 163.3805
12211 4204.9421
12212 151.4105
12214 150.0198
12215 225.2895
12217 150.5892
12219 267.3388
12221 149.3017
12222 877.5964
12223 155.3922
12224 239.3018
12225 149.0899
12226 570.8058
12227 526.6985
12228 3123.5922
12229 150.9863
12230 173.9389
12231 149.5055
12233 182.6562
12234 149.5490
12238 164.2314
12240 173.3671
12241 173.7907
12242 150.3492
12244 3209.8262
12245 4099.2085
12246 479.9360
12247 149.8056
12249 3649.5521
12250 4151.1383
12251 153.0697
12253 150.7109
12254 150.2301
12259 181.1295
12260 2657.2099
12261 4256.4689
12262 156.7503
12264 153.5400
12265 160.6162
12266 180.9512
12267 371.0280
12270 152.2542
12272 272.7148
12274 153.2375
12275 149.8377
12276 263.1154
12278 2984.7271
12280 234.5635
12281 150.3377
12282 150.7363
12283 289.4327
12284 198.3986
12288 448.6826
12291 150.0344
12292 230.1851
12293 241.6392
12294 162.3725
12295 152.4230
12296 1287.8378
12297 153.4149
12298 195.7632
12299 153.2575
12301 3641.2608
12302 148.4881
12303 4102.8453
12304 152.7047
12305 1068.5542
12306 445.4298
12307 1597.6635
12308 177.9957
12309 392.5311
12310 239.5686
12312 1813.7142
12314 158.0449
12315 198.7071
12316 201.3827
12318 150.0118
12319 168.1254
12321 297.4201
12322 1021.1606
12323 165.0947
12324 153.3098
12325 177.8333
12328 227.0749
12330 165.7673
12331 154.9649
12332 3127.2972
12334 151.7646
12337 152.9576
12339 233.2621
12340 152.7939
12342 2218.8774
12343 160.2717
12344 202.8345
12345 149.4380
12346 150.8229
12347 154.4654
12348 152.7671
12349 4152.4067
12350 3933.6711
12353 150.8076
12354 528.0908
12355 2717.3884
12357 155.6499
12358 161.4294
12359 250.0864
12361 1222.2284
12362 150.4123
12363 3307.8148
12364 214.7194
12367 478.7016
12368 927.6707
12369 150.3088
12370 932.5885
12372 2129.3749
12374 220.9133
12375 191.0541
12378 1751.6722
12379 157.0663
12380 151.5963
12381 197.0323
12382 201.2194
12383 187.5805
12384 163.3308
12385 195.5293
12386 3403.9545
12388 255.2977
12389 266.1141
12390 1921.6169
12391 153.5210
12392 392.2231
12393 152.8556
12394 155.2475
12395 4045.9880
12396 152.4914
12397 176.4727
12398 200.6160
12400 158.4311
12401 156.4873
12403 196.3851
12404 166.8623
12406 154.2589
12408 3714.7509
12411 226.5528
12412 148.3959
12413 150.6225
12419 209.6536
12420 2242.0126
12421 414.5318
12422 177.9957
12424 150.8662
12425 250.5048
12428 153.6682
12429 152.7621
12430 169.3260
12432 208.0721
12433 4058.7955
12434 216.7230
12435 154.2623
12436 506.2645
12437 4123.9049
12438 149.4602
12439 154.9767
12443 372.5380
12444 184.3588
12445 2509.6335
12446 170.7104
12447 158.4794
12448 198.6908
12449 150.8663
12450 184.3217
12452 160.3902
12454 208.0547
12456 228.3730
12457 267.1142
12458 2428.3556
12459 214.3934
12461 198.4095
12463 4233.5157
12465 3793.8958
12467 154.0707
12468 210.9221
12470 185.5676
12472 157.2408
12474 158.0981
12475 210.3071
12476 202.5657
12477 160.1864
12478 334.5563
12479 254.7131
12483 176.5680
12485 159.3406
12486 296.6273
12487 146.3420
12488 149.6147
12490 1809.2885
12492 149.1313
12495 246.2698
12496 3157.6812
12498 233.0879
12499 4204.9421
12500 163.1715
12501 166.3091
12502 177.9957
12504 309.0979
12505 203.9878
12506 3838.7826
12509 292.2050
12510 149.6530
12511 208.0254
12513 857.7949
12517 2449.5941
12519 151.1751
12520 3779.9367
12522 3214.4307
12523 173.0900
12525 201.8491
12527 4234.0506
12528 180.8347
12529 149.7914
12531 190.6117
12532 172.6711
12534 266.1768
12536 795.6770
12537 3931.2363
12538 151.2452
12541 208.6937
12543 218.9297
12544 728.7632
12545 170.9634
12546 192.4585
12547 171.9518
12551 177.9957
12552 242.6976
12553 277.7210
12554 150.9249
12555 159.6892
12556 178.1103
12558 510.1378
12562 167.8577
12563 151.5151
12565 186.9889
12566 163.3805
12567 152.4802
12568 322.6688
12569 512.3089
12570 166.3312
12571 272.5560
12572 159.0143
12573 217.9421
12574 3804.4571
12575 148.7975
12578 154.7931
12579 4204.9421
12581 3094.0364
12582 184.0602
12583 165.8434
12584 277.7210
12586 886.9090
12587 2403.3822
12589 243.7290
12590 152.2399
12592 197.3906
12594 195.5293
12596 232.4044
12599 3798.2788
12601 314.7757
12602 178.2741
12603 150.6505
12606 185.3738
12607 717.8595
12608 434.9337
12609 150.8204
12611 577.0144
12612 169.1669
12613 150.5277
12614 2241.6520
12615 3957.1943
12617 156.1296
12618 151.7194
12619 534.5528
12620 240.0855
12622 154.3002
12623 154.5071
12624 808.1621
12625 248.8366
12626 150.1810
12627 3146.2990
12628 182.2006
12629 310.5918
12632 873.6345
12633 180.7300
12634 156.8680
12635 152.1405
12636 212.1626
12637 1492.6085
12638 1377.3377
12640 237.4796
12641 151.2524
12643 163.7518
12644 287.9577
12645 203.4478
12647 170.0428
12648 174.4583
12650 1358.8631
12651 1101.2554
12652 162.3573
12655 152.9898
12656 179.6835
12658 150.2957
12659 3214.4307
12660 2837.6070
12662 188.5454
12663 239.7877
12664 1423.8007
12665 283.2731
12666 4176.4917
12668 181.1295
12669 167.7914
12671 162.6716
12672 4098.3623
12673 375.7637
12676 204.0832
12678 233.7742
12679 2162.9903
12680 176.4513
12682 1490.1848
12683 150.8282
12684 3616.5645
12686 153.1892
12687 480.9219
12688 151.1719
12689 3952.6358
12690 198.6460
12691 157.7119
12692 188.9731
12694 276.9537
12695 2461.6836
12698 1903.5039
12699 148.2776
12700 2117.7792
12701 3397.8942
12702 181.5570
12703 2544.6180
12705 3838.5251
12706 152.8999
12708 857.7949
12709 157.8241
12712 178.3953
12713 173.6119
12714 185.3738
12716 159.5817
12717 1311.7738
12721 175.1191
12722 279.0451
12723 152.2050
12724 190.7164
12725 149.0987
12726 152.8296
12727 3150.3483
12728 165.3607
12730 158.8512
12731 148.7425
12733 240.5018
12734 3221.2619
12735 1092.1594
12736 218.9167
12737 186.5382
12738 4153.7930
12740 3766.4289
12741 210.1406
12742 158.8033
12743 155.4612
12744 175.3869
12746 847.2825
12747 205.2850
12749 3715.4350
12750 720.7186
12751 179.5213
12752 3666.2591
12753 159.4731
12754 214.5003
12755 148.8651
12758 3880.5647
12759 239.1204
12761 281.3549
12763 229.0679
12766 173.1845
12767 151.3515
12769 150.2729
12770 188.6287
12771 168.4836
12772 158.4375
12773 156.5435
12774 149.4023
12775 197.3272
12777 150.6086
12778 615.5761
12779 245.8977
12780 168.7996
12781 3224.5805
12784 348.8549
12785 287.3699
12786 171.1860
12787 686.0300
12788 2778.7641
12789 167.0681
12790 176.0243
12791 3651.8221
12792 187.6416
12793 208.0319
12794 180.9274
12795 148.5758
12797 201.5962
12798 171.9465
12799 927.5747
12801 463.9116
12805 1000.5700
12806 152.0208
12807 2777.4304
12808 174.0603
12811 151.9595
12812 674.0659
12813 154.3188
12814 713.2921
12816 150.5841
12817 184.6927
12818 343.1076
12820 523.3962
12823 148.4577
12824 3192.1001
12825 545.9068
12826 153.3224
12827 161.2225
12829 215.3350
12831 173.1845
12832 149.5605
12834 230.6906
12836 358.9440
12838 154.2094
12839 366.3912
12841 151.5926
12842 281.2298
12846 3953.4866
12847 152.8266
12848 3415.8331
12850 163.3792
12853 154.4557
12854 246.5763
12855 210.9107
12856 155.0419
12857 173.9061
12862 246.9164
12863 253.2623
12865 189.3949
12866 3526.7419
12867 1307.9680
12868 425.1538
12870 1195.9500
12871 1861.0481
12872 181.1440
12873 4207.9679
12874 176.5680
12877 294.0719
12879 171.9465
12880 153.3146
12882 150.7426
12883 197.9239
12884 940.8324
12886 217.6663
12888 171.0147
12889 184.6262
12890 150.0808
12891 231.9521
12892 156.7722
12897 153.8790
12898 3988.6285
12899 216.0334
12901 168.8813
12902 159.9442
12903 165.9482
12907 153.5617
12908 189.5100
12909 952.4004
12910 345.0054
12911 155.2967
12912 184.7434
12914 162.6215
12915 792.3207
12916 151.0915
12917 207.3801
12918 1615.8248
12919 156.1896
12921 165.4744
12922 276.4699
12925 149.0201
12927 516.8749
12928 169.6527
12929 889.4903
12930 151.1751
12931 152.2927
12932 152.7259
12933 241.8697
12934 207.0568
12937 154.2089
12941 165.3406
12942 204.8844
12944 252.1710
12945 2481.6731
12948 152.1690
12950 3436.1688
12951 208.9562
12952 286.3738
12953 372.3593
12954 213.4955
12955 897.5051
12956 186.6055
12957 1415.1734
12958 150.5020
12960 154.7535
12961 173.4736
12962 2551.7623
12963 169.6014
12965 154.4381
12969 892.5796
12970 2277.3588
12972 182.8175
12973 402.7491
12974 2542.2868
12975 4021.0418
12976 218.1800
12977 163.9835
12978 169.3244
12979 180.1070
12980 282.4444
12981 1495.7203
12982 156.0619
12983 174.8959
12984 4209.8478
12988 192.3836
12989 148.9761
12990 156.3265
12994 869.8246
12995 589.8310
12996 226.0073
12997 294.1705
12998 175.1945
12999 173.0565
13003 150.6159
13004 289.4187
13005 185.3738
13006 204.0832
13009 2654.3040
13010 209.4549
13012 207.5538
13013 151.4071
13014 1618.0400
13015 191.0707
13016 4236.0482
13017 244.1299
13018 3318.7833
13022 167.2111
13023 184.0163
13024 488.1241
13025 150.5196
13026 287.2379
13027 158.6681
13028 162.0254
13032 152.4945
13034 149.4688
13035 2339.3864
13036 150.5488
13037 1572.0696
13038 1322.2003
13039 192.6294
13040 164.0114
13041 942.0611
13042 176.5538
13043 254.3407
13045 4153.7930
13046 169.2574
13047 181.8251
13048 422.4551
13051 201.7885
13052 1777.1066
13054 223.9769
13055 151.2552
13056 3775.9934
13057 178.9192
13058 151.7734
13060 177.2533
13062 153.1442
13063 153.5570
13064 152.2625
13065 345.9937
13066 154.7929
13067 150.6157
13068 218.6296
13069 149.8314
13071 159.9328
13072 151.5881
13073 163.1123
13075 176.8481
13076 149.3532
13079 153.6203
13082 154.8292
13083 152.3629
13092 153.9108
13094 1739.7911
13095 150.0497
13097 169.9194
13098 152.2496
13101 345.0054
13102 150.4414
13105 2597.2415
13106 4151.9640
13107 232.0831
13108 207.4176
13109 168.6044
13110 176.6320
13111 152.3851
13112 194.1231
13114 153.7556
13115 172.9880
13116 1547.3330
13119 1683.0745
13120 162.6215
13121 148.8390
13122 4181.4798
13123 154.5864
13124 150.5762
13126 2601.5517
13127 259.2022
13128 194.0820
13130 1249.4266
13131 2218.3169
13132 3190.1077
13133 160.6728
13134 160.4697
13135 180.6573
13136 285.3025
13137 826.8523
13138 151.1317
13139 177.8333
13140 1858.6922
13141 240.6792
13142 2614.7597
13143 2041.2648
13144 4102.8959
13146 176.3908
13148 151.6658
13149 171.6934
13150 829.9826
13152 163.2275
13153 153.3142
13154 184.7865
13155 173.8070
13157 179.6727
13158 163.0607
13159 1227.9393
13160 228.9724
13162 189.6369
13163 563.5835
13166 178.3528
13167 181.1295
13168 169.9060
13169 172.8848
13170 1382.2074
13171 713.8431
13173 1985.4752
13174 507.6631
13175 156.3226
13178 171.9465
13179 3524.3161
13181 235.2381
13183 514.6118
13184 525.3474
13186 4235.1864
13187 231.9735
13188 171.9756
13189 159.9365
13190 160.1232
13191 160.4216
13192 160.7143
13193 164.0114
13194 166.2596
13195 223.3217
13197 251.7786
13198 149.9992
13199 151.1049
13202 1556.0102
13203 239.8257
13205 151.9664
13207 150.8877
13208 3580.0725
13209 4229.6384
13212 155.4314
13213 161.5766
13217 149.5467
13218 3822.8667
13219 248.5551
13220 150.7435
13223 1459.2127
13225 824.3306
13227 162.3573
13228 152.3246
13229 188.1844
13231 198.7061
13233 149.3974
13234 181.7687
13235 157.9684
13237 149.1280
13241 1367.5716
13242 240.2145
13243 4209.3542
13245 245.6851
13250 151.7655
13251 187.0624
13252 186.2173
13253 151.5925
13254 200.3580
13255 153.4694
13256 226.4114
13257 149.3664
13258 173.8581
13259 4233.7251
13260 181.1295
13261 265.2963
13262 343.2327
13265 622.7660
13267 151.3848
13269 171.6800
13270 207.4454
13271 149.4218
13272 184.6515
13273 229.4275
13274 651.6526
13276 162.9721
13277 212.4964
13279 527.9348
13281 165.5716
13282 153.2370
13283 154.2842
13284 2741.0721
13285 151.9707
13288 199.8453
13289 228.4300
13290 167.7914
13291 383.9047
13292 1552.2035
13293 2498.9007
13294 212.1473
13295 184.0722
13297 151.3688
13299 165.2200
13301 177.4541
13302 203.7768
13304 1016.2621
13307 160.6854
13309 150.5630
13310 161.7699
13311 150.5322
13312 160.1783
13313 178.3953
13314 241.0886
13316 196.3159
13317 149.8166
13319 4015.8618
13320 192.9671
13321 198.4095
13322 149.8120
13324 2698.5009
13326 187.5580
13327 149.2373
13328 205.8218
13330 193.5591
13332 257.0423
13333 159.3913
13334 177.3476
13335 296.4044
13338 166.6340
13339 2642.6493
13341 275.3222
13342 166.1105
13343 149.9004
13344 149.6530
13345 1061.3332
13346 274.5416
13347 160.4756
13348 169.8631
13350 3753.1719
13351 247.9997
13354 150.7188
13355 151.2187
13356 160.5807
13357 192.1998
13358 197.9295
13359 4019.0126
13360 169.4912
13361 196.0332
13363 252.1328
13365 1908.3237
13369 155.1869
13370 206.4779
13371 2745.4413
13373 149.8792
13374 170.0925
13375 251.6597
13379 235.4803
13381 247.3939
13382 196.4719
13383 164.2104
13386 179.7451
13387 214.0068
13391 218.9110
13392 2015.5098
13394 151.1819
13395 188.2936
13396 160.7699
13397 184.6515
13399 3125.4068
13400 151.8358
13401 521.9655
13402 160.0949
13403 151.1975
13405 4030.2777
13409 155.6662
13411 200.4655
13412 156.8930
13414 3773.6176
13415 2301.2038
13418 236.2214
13419 158.9455
13420 1606.5425
13421 3310.5081
13422 1014.6560
13423 173.1099
13425 150.7440
13426 4174.9885
13427 154.3618
13429 3250.5665
13430 154.9645
13431 168.6830
13432 1617.3936
13433 151.9513
13434 151.6858
13435 163.8183
13437 162.0535
13438 168.9119
13443 180.1070
13444 151.7859
13445 253.2258
13446 299.0330
13449 150.5762
13451 154.4558
13452 157.9025
13453 412.8532
13454 455.3858
13456 270.9614
13457 206.0231
13458 171.6147
13459 150.2302
13460 149.1061
13461 1432.7338
13462 148.9136
13464 163.5751
13466 198.5514
13467 269.5868
13469 760.6914
13470 314.2735
13471 152.6323
13472 4204.9421
13474 165.5056
13475 183.4054
13477 183.8882
13480 1042.7593
13481 3021.9467
13482 151.5205
13483 222.5242
13485 1431.3426
13486 160.2899
13487 161.6616
13488 169.3992
13489 4184.7087
13490 1728.2480
13491 150.3478
13492 197.3044
13494 183.2851
13495 191.5716
13497 265.8570
13498 332.0670
13499 224.9979
13501 166.1036
13502 151.3822
13503 154.5563
13504 298.3796
13505 260.0349
13507 154.3852
13508 155.1620
13509 212.2774
13510 198.2723
13511 152.2873
13512 148.5230
13513 3219.7631
13516 222.3303
13519 168.0312
13520 1768.2294
13521 241.3347
13522 192.3836
13523 385.3480
13524 950.9892
13525 207.4359
13526 3906.6832
13527 231.1780
13529 153.8777
13530 186.7156
13531 430.4923
13532 229.0057
13534 182.7917
13535 152.3612
13538 256.6028
13539 148.5774
13541 188.7540
13543 149.9545
13544 165.2523
13546 162.9845
13547 1293.1016
13548 150.1910
13550 3450.4104
13551 148.4258
13552 1161.3877
13554 158.3922
13555 172.7879
13557 186.9335
13558 155.0943
13559 151.0715
13560 690.6207
13561 148.6882
13562 1136.4081
13565 240.2851
13566 157.6214
13568 208.0099
13570 3061.1164
13571 2326.0254
13572 3191.2687
13573 638.9889
13574 161.7844
13575 1432.7338
13578 3997.6443
13579 2087.1729
13580 149.4842
13581 154.8665
13587 243.7937
13588 637.6378
13590 2365.2713
13591 190.1522
13592 215.5727
13593 4149.1171
13597 151.8070
13599 746.5136
13600 209.1054
13601 4204.9421
13602 170.8040
13603 163.3672
13604 370.1043
13605 4174.9885
13606 147.4878
13608 155.0823
13609 4177.9958
13610 1111.8749
13611 150.1501
13612 157.7176
13613 159.6544
13617 153.9520
13618 157.1213
13619 152.2203
13621 1740.0492
13622 260.3589
13624 194.5564
13627 2221.4948
13629 189.6706
13630 148.3206
13631 1629.0706
13632 190.3911
13634 163.9835
13635 246.2698
13636 176.0265
13638 2635.2603
13639 153.6120
13640 195.8875
13641 150.5288
13642 157.1680
13643 2532.2378
13644 229.8364
13648 178.0460
13650 185.9607
13651 3873.7260
13654 173.6870
13655 1961.4965
13657 166.0915
13659 150.7634
13661 1830.0425
13663 168.9642
13664 591.0095
13665 151.1379
13666 151.1969
13668 213.7324
13669 155.0398
13671 331.6437
13672 224.1867
13673 2788.4177
13677 264.4467
13678 278.2567
13679 230.5323
13681 160.0036
13682 195.5293
13685 171.9465
13686 185.3738
13689 1796.8195
13690 170.6665
13691 416.3021
13692 163.1188
13694 168.6743
13695 174.7623
13701 152.2827
13703 638.6899
13704 179.8624
13705 157.0529
13706 1652.7192
13707 149.4099
13708 220.9298
13709 886.7110
13711 149.0405
13712 154.2425
13713 156.2287
13714 150.4644
13716 171.9465
13717 245.9058
13718 347.2478
13719 198.4170
13721 210.8266
13725 151.8172
13726 1944.5933
13727 229.0057
13728 189.5795
13729 154.9320
13730 1830.2276
13732 176.1314
13733 234.3716
13739 4235.1864
13741 156.3226
13742 181.7956
13743 149.2423
13744 285.0227
13746 187.3767
13747 149.8664
13748 4236.9782
13752 151.1601
13755 168.7134
13757 922.2152
13761 4261.2846
13764 3878.4768
13767 224.9979
13768 191.5547
13770 178.2236
13773 207.2422
13775 1976.7518
13777 2934.1888
13779 187.8475
13780 153.8818
13781 173.0516
13782 232.7400
13784 174.5740
13786 3214.6684
13787 163.4000
13788 238.6577
13790 181.0174
13791 160.9770
13792 485.0500
13793 185.6554
13794 499.8120
13795 194.2680
13796 4030.2777
13797 181.1295
13798 158.2622
13800 407.3534
13802 186.0376
13803 3302.8356
13804 161.0306
13805 152.1254
13807 152.0363
13808 176.5791
13814 429.4230
13815 155.7879
13817 158.6702
13818 172.2790
13819 729.1644
13820 153.0712
13821 168.3515
13822 174.6096
13824 1437.1472
13826 275.3529
13828 151.4649
13829 1592.3963
13830 2158.9279
13831 245.9610
13833 209.4707
13834 149.9632
13835 155.0111
13836 174.6018
13839 150.3730
13840 645.9016
13842 149.8652
13844 148.7696
13847 217.0810
13849 1573.1664
13850 590.0968
13852 152.3274
13853 237.5980
13854 2059.0700
13856 182.9513
13857 172.8949
13859 157.5446
13865 153.0022
13866 147.6278
13868 151.1613
13869 148.2074
13871 207.8964
13878 152.9692
13879 157.7150
13880 150.8679
13882 164.4864
13885 148.8677
13886 4139.4596
13887 156.9970
13888 203.3927
13889 157.7150
13890 152.2907
13891 150.0511
13892 209.1054
13893 204.6617
13894 150.8469
13896 314.6308
13897 163.3731
13898 150.8388
13899 2127.7774
13901 1304.9078
13902 167.4187
13904 167.5045
13905 4126.4420
13907 151.7021
13908 284.8935
13909 166.4163
13910 168.0908
13914 510.9590
13916 156.4257
13917 235.1846
13918 1522.3281
13919 3830.1401
13922 181.1789
13923 3236.0534
13925 152.6179
13926 3948.5142
13928 669.4420
13930 3544.7879
13931 240.9456
13932 1925.2239
13934 166.1053
13936 153.6537
13941 153.9841
13943 339.6025
13945 1412.3977
13946 2509.4208
13947 154.0337
13948 151.3808
13949 194.2530
13951 151.0740
13952 238.1756
13953 193.4516
13954 676.8315
13955 183.7087
13956 158.9847
13960 174.6603
13962 424.6017
13964 181.5796
13966 154.1292
13967 380.6727
13970 175.1260
13971 149.3558
13974 160.4306
13977 247.2045
13978 163.3805
13979 152.9549
13980 149.4852
13982 159.4882
13984 161.8194
13985 188.4330
13986 149.4380
13987 151.8618
13989 678.4807
13990 526.9154
13992 152.2224
13993 237.3609
13996 3042.7819
13998 147.8817
13999 392.4033
14000 2706.4241
14001 194.6820
14002 212.1473
14003 1223.2113
14005 155.6144
14007 2392.2006
14008 161.6195
14009 151.3439
14010 159.1599
14011 170.0659
14013 405.5571
14014 366.2156
14015 279.7045
14016 151.7194
14017 236.5228
14018 244.1299
14019 152.6923
14020 164.4835
14022 1461.9266
14023 1640.1736
14024 168.4349
14025 160.9727
14030 524.7128
14033 258.3074
14034 241.2951
14035 157.1061
14036 285.7374
14037 181.1295
14038 187.5580
14041 192.2570
14042 149.8983
14043 541.9775
14044 160.6060
14046 151.6996
14047 151.5864
14048 2499.4469
14049 152.5960
14050 190.7164
14052 161.8005
14054 159.2248
14056 3840.7061
14059 4014.1351
14061 171.9465
14063 3195.8173
14064 241.6030
14065 201.6970
14066 385.0359
14067 168.7155
14068 151.7578
14069 445.3881
14070 151.6769
14071 3629.8904
14074 171.2094
14077 151.5872
14078 152.3052
14079 151.6094
14080 152.6893
14081 148.9632
14082 167.7611
14083 183.8097
14085 167.6379
14087 149.8929
14090 180.3053
14091 173.9061
14092 563.2623
14095 2116.4279
14097 183.6500
14099 149.3754
14100 154.1554
14101 181.1295
14103 200.5845
14104 304.3333
14105 939.1927
14106 192.3688
14107 162.2080
14108 859.2557
14109 181.5367
14110 152.3481
14111 155.9874
14112 187.5580
14114 4089.7050
14115 496.0118
14116 3602.6550
14117 4235.1864
14118 151.9951
14121 193.2726
14122 150.4043
14123 165.2394
14124 149.3374
14125 4006.6344
14126 1840.3130
14127 148.5089
14129 226.9189
14130 159.9930
14132 168.1240
14133 162.6236
14134 161.1349
14135 153.8563
14137 162.0535
14138 4102.8453
14141 251.3028
14142 149.4562
14143 151.8766
14145 161.7867
14147 3369.2488
14150 3543.1848
14155 191.4635
14158 159.9022
14159 246.2698
14162 2185.2832
14166 3489.6592
14167 167.7509
14168 169.1019
14169 150.4635
14170 152.9752
14171 149.6530
14172 185.7162
14174 150.7773
14175 648.5465
14176 192.3836
14178 195.5293
14180 216.6491
14182 151.5689
14183 168.6636
14184 325.8703
14185 4028.2836
14188 156.3539
14189 159.3284
14191 151.6796
14192 4102.8959
14193 151.0225
14194 293.7969
14195 2305.0111
14196 149.8638
14198 3925.8733
14199 171.9465
14201 150.9741
14202 157.2581
14203 2427.3037
14204 4229.3861
14206 152.7720
14209 281.1471
14210 198.6028
14211 3544.7879
14213 262.0536
14214 151.0020
14216 4064.7215
14217 284.6203
14219 168.1604
14220 164.0221
14221 187.2179
14222 1325.8405
14223 156.1313
14224 194.0257
14226 150.9357
14227 157.4051
14228 197.2968
14229 232.1375
14230 149.3097
14231 175.7089
14233 220.8004
14234 2284.0148
14235 153.1665
14236 150.6240
14237 150.3260
14238 182.2736
14239 2879.1741
14241 1445.7009
14242 2965.3375
14243 276.6349
14246 195.5293
14247 154.4329
14249 171.9465
14251 163.6265
14252 204.5515
14254 610.8216
14255 151.6405
14256 216.9910
14257 204.2527
14258 152.2053
14259 275.3529
14260 242.2406
14261 168.3131
14262 4229.2175
14264 149.9350
14265 3348.4752
14267 4021.0418
14269 149.7627
14270 4030.2777
14272 3658.7596
14273 153.9811
14274 218.8606
14275 157.5749
14276 149.4852
14277 151.4147
14278 158.3782
14279 170.8801
14283 149.3753
14284 1398.7795
14285 185.0880
14286 155.6946
14287 150.6913
14289 150.8809
14291 216.1429
14292 151.6728
14295 151.9546
14296 158.1489
14297 2778.1235
14298 202.0826
14299 193.3347
14300 170.3694
14301 963.4095
14302 154.8601
14303 154.8629
14304 4017.5363
14305 163.5245
14310 169.7527
14311 174.9489
14312 182.3004
14313 153.3911
14314 169.2835
14315 174.2404
14316 151.3676
14317 158.1079
14319 198.1968
14320 224.8759
14321 1947.2212
14322 581.7199
14325 508.5291
14326 161.3031
14327 159.0175
14330 4074.5649
14334 156.2130
14336 275.1040
14337 2648.9359
14339 188.7540
14341 152.9302
14342 149.9952
14345 148.9778
14346 152.3667
14347 151.3217
14348 182.9989
14350 150.9232
14351 876.4977
14353 177.6140
14354 1267.0384
14355 176.8448
14356 2908.8438
14357 173.3671
14358 178.9856
14359 458.2777
14360 195.6768
14361 163.1706
14364 149.7314
14365 244.5137
14366 4063.7152
14367 170.6685
14368 151.4237
14370 1016.2621
14373 176.0265
14374 239.0255
14375 150.1943
14376 200.8460
14378 207.4888
14379 152.3520
14380 149.9420
14381 155.3104
14382 151.4913
14383 217.5145
14385 173.6008
14387 153.6175
14389 198.4095
14390 2087.1729
14391 164.1231
14392 192.8208
14393 152.0733
14395 166.7220
14399 158.7415
14400 154.4074
14401 295.7836
14402 749.3776
14403 751.1010
14404 149.6522
14405 171.9465
14407 152.2319
14408 196.6179
14411 167.6588
14412 154.2094
14413 151.9585
14416 217.6982
14417 153.8642
14419 1390.3406
14420 152.0068
14426 256.8711
14428 381.4401
14430 320.7923
14431 489.2323
14432 152.2002
14433 151.3107
14434 172.8264
14435 219.5164
14436 224.7403
14437 206.1317
14439 150.6742
14441 718.6129
14442 152.2175
14444 152.3438
14447 4234.0506
14448 149.6931
14450 149.0012
14452 162.3532
14453 200.2180
14454 177.7694
14456 148.4103
14458 153.7759
14459 222.8848
14460 227.6659
14461 151.2834
14462 438.2153
14464 2233.9687
14466 151.5052
14468 150.9046
14469 153.6597
14470 225.8810
14472 198.6045
14473 149.2660
14474 218.3555
14476 148.8011
14477 149.6311
14478 177.1211
14479 2543.5765
14480 1015.3006
14481 152.3160
14482 231.7667
14483 863.8343
14484 4229.6384
14485 153.3429
14486 155.3402
14489 177.9957
14490 193.4935
14493 151.4019
14495 197.4671
14496 151.4969
14499 158.0759
14501 166.5684
14503 183.8700
14504 287.6578
14505 190.0892
14506 342.6121
14508 4030.2777
14510 340.4792
14511 4174.9885
14512 207.9630
14514 223.4192
14515 150.0803
14517 159.8746
14518 216.6535
14519 151.8509
14521 283.0884
14522 190.7670
14523 153.4890
14525 1310.5795
14527 165.6990
14528 159.6362
14530 2612.9689
14536 278.2567
14537 3336.3725
14538 209.4549
14539 168.2815
14540 203.5953
14543 185.5913
14544 159.9442
14545 151.0200
14546 159.7526
14547 153.5805
14548 687.0350
14549 151.7132
14550 220.6683
14553 150.2252
14556 164.3709
14557 260.8404
14559 218.8549
14560 391.7172
14562 272.5560
14564 2620.0997
14565 151.4829
14566 164.6799
14567 1721.8554
14569 160.2805
14570 161.9071
14571 218.9715
14575 3182.9539
14576 216.6761
14577 254.6196
14579 151.5824
14582 511.5685
14583 4258.9053
14585 474.2575
14588 149.8695
14591 211.8573
14592 150.7021
14593 148.7743
14594 161.3916
14596 501.3510
14597 162.9721
14600 2549.1115
14602 149.1533
14603 615.4327
14604 182.4634
14606 181.1295
14607 3773.6176
14608 151.2298
14610 519.5827
14611 155.2440
14613 171.7024
14614 164.8410
14616 151.1152
14619 160.1111
14621 4119.9934
14623 149.8593
14625 156.4481
14626 152.2163
14627 3861.7513
14629 204.9964
14631 155.8698
14632 168.6044
14633 1671.5452
14634 151.8103
14635 202.8865
14637 192.3316
14638 184.3379
14639 201.4629
14640 201.3719
14643 1605.0209
14644 150.7562
14645 213.6366
14646 197.9239
14647 154.5335
14650 163.3720
14652 153.1411
14653 1180.3319
14654 219.7285
14655 464.0258
14656 149.0497
14657 155.0041
14658 192.4585
14659 2046.4717
14661 148.3747
14662 236.7560
14663 3154.3258
14664 168.1599
14668 241.0886
14669 3846.7630
14670 450.2405
14671 3108.5549
14672 197.3029
14673 152.6461
14674 275.3441
14675 151.1313
14680 196.3673
14682 152.4155
14686 185.8726
14687 154.9091
14688 198.2547
14690 207.4454
14691 3878.4544
14692 195.5293
14694 159.6830
14695 151.3359
14696 161.7997
14702 2806.2362
14704 1470.3154
14705 173.2275
14706 148.4329
14708 150.6937
14709 329.2889
14712 449.2420
14714 148.9917
14716 148.4934
14717 151.9286
14718 4234.0506
14719 185.3738
14720 153.5891
14721 153.4174
14724 262.9486
14725 381.6841
14726 152.3405
14728 165.7353
14729 306.9033
14732 154.8280
14734 4070.4847
14736 166.4678
14737 150.9839
14738 760.2556
14739 152.2421
14740 225.9411
14741 4123.2532
14742 181.9009
14744 228.6608
14746 1050.6953
14747 4150.6976
14748 150.2572
14749 152.8715
14750 149.7909
14753 1770.9777
14755 3924.1129
14756 170.8548
14757 409.2400
14758 149.5810
14760 1042.9172
14761 1259.5504
14763 191.6756
14764 154.8942
14765 181.5796
14766 181.5796
14767 153.2991
14769 160.6207
14770 246.0474
14772 151.2361
14773 232.2502
14774 169.0181
14775 152.0209
14776 151.3620
14777 151.0161
14778 190.7164
14779 150.2715
14782 151.3368
14784 317.3170
14785 151.4402
14790 151.9752
14791 2074.3816
14793 3399.0512
14795 157.1313
14796 948.0084
14797 172.7879
14800 557.9513
14801 246.4479
14802 1773.5720
14804 223.5818
14805 425.1538
14806 204.0666
14808 150.0402
14813 3423.6554
14814 195.3484
14816 158.5507
14817 202.9723
14818 179.2136
14820 184.6515
14821 153.3911
14823 197.2570
14824 198.9386
14825 430.4923
14826 152.8201
14827 149.4477
14829 221.4608
14832 1419.5081
14833 154.2623
14834 172.0896
14837 153.9284
14838 1706.7916
14839 4231.3934
14840 152.7097
14841 224.9979
14842 206.4159
14843 162.4476
14845 195.5293
14849 149.9225
14851 2397.1170
14852 275.3222
14853 153.4809
14854 151.0736
14855 152.0941
14857 187.3466
14858 239.1830
14859 180.2779
14862 3731.5362
14863 148.5895
14864 224.7098
14865 163.6319
14867 152.6119
14870 169.4721
14871 152.9885
14872 304.5939
14874 193.2741
14875 167.9703
14876 791.0035
14879 158.9291
14880 150.9433
14881 159.5851
14883 160.1912
14885 232.1375
14886 153.8963
14887 153.7119
14889 151.5396
14890 174.9224
14891 179.2970
14893 199.4370
14894 182.2147
14895 368.0489
14896 213.2470
14897 150.8892
14898 155.2690
14899 181.7027
14901 157.5320
14902 180.5898
14903 159.1180
14904 148.3582
14905 181.1767
14908 181.5727
14909 3939.7646
14910 273.9704
14911 3873.1107
14912 1651.9269
14913 160.9414
14916 159.4238
14918 152.6726
14921 153.6703
14924 156.3763
14927 271.7136
14928 207.4359
14929 785.8948
14930 148.6965
14931 4233.5157
14932 180.0845
14935 156.8091
14936 153.4662
14937 274.1039
14938 158.5666
14939 152.7524
14940 279.0060
14941 172.4610
14942 152.8087
14944 3602.6550
14946 169.2408
14947 1966.7114
14948 438.2991
14949 155.9427
14950 150.3334
14951 299.1081
14952 3311.7230
14953 210.7278
14956 4102.8453
14957 151.5998
14958 3401.5361
14960 2501.2282
14961 162.4803
14964 157.4940
14966 179.4632
14967 1650.3791
14968 2362.1292
14972 606.0165
14974 152.7767
14975 250.4013
14976 154.9125
14977 150.5675
14979 149.0664
14981 1018.4010
14982 4015.8618
14986 153.0156
14989 2307.5257
14991 148.2561
14992 169.4418
14993 182.2736
14994 281.3549
14995 171.9465
14996 152.3192
14997 156.1971
14998 821.5165
14999 281.3549
15000 4235.6055
15001 235.9561
15004 154.3652
15005 161.9545
15006 2277.9169
15009 2364.5646
15010 176.1314
15011 157.7403
15013 2149.7407
15017 164.2104
15022 421.0945
15023 1318.6938
15027 151.4001
15028 177.3192
15029 171.9465
15030 153.3141
15031 1308.0122
15033 151.4703
15034 152.8397
15035 183.7087
15038 857.1497
15039 149.7253
15040 225.8810
15041 3437.6196
15042 1677.7536
15045 324.2888
15046 396.8182
15047 217.6089
15049 279.2049
15050 206.4376
15051 3187.4252
15052 180.8701
15053 161.7099
15056 195.5293
15058 203.9878
15059 262.0536
15060 4073.1259
15062 175.4578
15063 194.2491
15065 188.4382
15066 166.5503
15068 150.1386
15069 3622.5531
15072 418.6745
15075 157.9025
15077 150.4409
15078 173.8873
15079 302.2737
15080 165.2586
15082 155.0575
15084 169.4580
15086 241.9745
15087 181.5796
15089 185.7460
15091 151.2838
15092 153.3152
15095 161.6129
15096 3967.1985
15097 163.3805
15098 2331.5630
15100 712.3086
15101 187.1476
15103 152.7142
15104 3837.1685
15105 230.0566
15106 175.4942
15107 151.6603
15108 159.1830
15110 830.4041
15112 4231.4363
15114 150.6698
15115 1675.0800
15117 154.0707
15118 202.8994
15119 180.3405
15120 149.9627
15122 203.9878
15123 3376.9339
15124 223.9769
15126 4102.0238
15127 148.2766
15128 172.6053
15129 419.7572
15130 150.6429
15131 196.8835
15133 160.5374
15134 177.5403
15136 150.8375
15138 310.1814
15139 4235.6055
15140 150.0610
15141 197.3372
15144 148.3725
15145 160.8891
15146 177.4777
15150 153.4263
15151 151.3598
15152 214.9760
15153 254.0883
15156 166.3312
15157 4175.5990
15158 151.6327
15159 171.9033
15160 155.8058
15161 148.9445
15162 153.3286
15163 155.4705
15165 197.3029
15166 3866.0393
15168 602.8810
15169 158.3437
15170 3292.8496
15172 559.9957
15173 185.3738
15175 154.1285
15177 223.5094
15178 225.4066
15179 3996.3454
15180 174.7503
15184 382.3704
15185 158.0186
15188 151.0966
15190 2644.7033
15191 425.1746
15193 487.2510
15194 835.9804
15195 149.5877
15196 723.7798
15197 327.7121
15200 1051.8648
15201 2067.1695
15202 4045.0659
15205 4098.3623
15206 180.0647
15209 154.7684
15210 153.1849
15211 152.9291
15212 148.7877
15213 166.5245
15216 272.9293
15218 157.4051
15219 152.4600
15220 152.9549
15223 149.9275
15226 575.1023
15227 2647.8220
15229 262.7400
15232 156.7324
15233 233.1457
15234 153.8255
15238 556.4660
15239 156.4717
15240 4263.6504
15241 183.8097
15242 1769.6830
15243 152.5520
15245 151.3461
15246 167.2345
15248 178.5572
15249 1173.2125
15250 224.3061
15252 184.8569
15253 152.9898
15254 335.0264
15255 153.5166
15256 178.7262
15258 152.2033
15259 151.6286
15260 235.3262
15261 3094.0364
15263 177.9957
15265 150.3377
15268 248.1988
15269 3898.6546
15271 345.0054
15272 320.7924
15273 1153.7535
15274 3735.5573
15275 154.0744
15276 196.0952
15279 150.9451
15283 150.5866
15284 335.6772
15286 149.9916
15287 152.8175
15288 149.1697
15289 153.1859
15295 154.4592
15296 227.3928
15297 222.3264
15298 165.5448
15299 159.9021
15302 159.7887
15304 157.2478
15307 228.3730
15308 148.8390
15309 152.6210
15312 2793.6689
15313 758.3490
15314 2647.3484
15315 506.5957
15316 150.0610
15318 1652.4604
15319 151.9207
15320 739.4709
15321 3928.1036
15322 211.2946
15323 150.3334
15327 176.5454
15328 3001.6013
15329 149.3558
15330 2453.6617
15331 174.8667
15332 153.9722
15333 155.2800
15334 155.7798
15335 1667.8448
15337 3963.7224
15341 202.0254
15342 152.4535
15343 154.9796
15345 151.6745
15347 150.4103
15348 173.2512
15349 263.7016
15350 173.8074
15352 147.6195
15354 181.5796
15356 190.7388
15357 2591.7328
15358 225.7824
15363 151.7062
15364 170.0925
15365 281.3549
15366 176.5806
15367 163.5956
15368 260.3023
15369 2271.6222
15370 157.4360
15371 151.6594
15372 156.1240
15373 163.9396
15374 429.5437
15375 2103.6058
15378 150.3133
15379 163.4916
15380 151.0916
15381 312.8351
15382 156.2336
15383 151.7183
15384 327.6344
15385 3432.3455
15387 3958.4495
15388 223.5094
15391 177.0389
15392 2994.0004
15393 159.6203
15394 2819.9485
15395 187.8161
15397 158.4275
15398 170.4487
15399 171.9465
15400 156.1691
15403 156.4832
15404 158.6407
15406 152.9784
15409 185.5676
15410 1848.9257
15411 181.1295
15412 196.6897
15413 151.8467
15416 156.1733
15418 1602.3363
15423 157.7537
15425 170.6337
15426 152.9898
15427 149.4871
15428 148.3957
15430 177.8700
15431 224.8943
15432 3033.2424
15433 153.7383
15434 190.9448
15436 160.9699
15437 184.7885
15440 162.8601
15441 164.3712
15444 567.1915
15446 151.9818
15448 170.8548
15449 835.8902
15452 462.6726
15453 150.8076
15456 169.9060
15457 275.3529
15459 188.7540
15460 215.4870
15462 1045.4725
15464 161.5197
15465 2801.5838
15467 150.4644
15469 151.3424
15470 152.7560
15471 223.3402
15473 151.1611
15476 205.0383
15477 3709.0368
15478 182.7917
15480 200.1172
15484 174.7007
15485 191.4390
15487 188.8623
15488 957.0678
15489 193.9412
15490 149.2460
15491 2242.0126
15493 3597.0167
15496 153.3141
15497 202.0210
15498 150.9929
15499 151.3007
15501 151.6768
15502 315.0098
15504 228.7242
15506 3247.7355
15507 1759.3677
15510 155.8577
15511 189.9635
15514 149.3326
15515 2498.9007
15521 2602.8098
15522 152.4287
15524 153.3911
15525 153.3227
15527 151.5695
15528 213.5047
15529 272.7148
15530 156.5822
15531 151.6992
15532 151.6367
15533 152.1695
15534 156.4036
15535 193.4504
15536 153.3850
15537 184.6515
15538 479.5502
15539 203.1870
15540 150.8298
15541 151.7646
15543 2903.1302
15544 158.1160
15546 186.6957
15547 151.6927
15548 216.3787
15549 210.6276
15551 197.0176
15552 157.9025
15553 150.0837
15555 181.3815
15556 3494.0089
15558 166.8176
15559 151.0512
15560 315.8132
15561 157.0288
15562 151.6413
15563 301.2482
15564 163.0108
15566 2841.9956
15567 211.8573
15569 175.5339
15570 163.1715
15571 327.9972
15572 152.8131
15573 170.6389
15575 739.0414
15576 179.7487
15578 162.6643
15579 1022.8589
15580 155.1120
15581 186.1390
15582 183.8931
15583 253.4270
15584 170.1201
15585 160.6201
15586 268.0347
15587 151.7183
15588 148.6595
15589 152.1690
15592 192.2360
15595 215.2877
15596 191.7770
15597 151.7982
15598 4178.4893
15599 151.5140
15601 422.7412
15604 161.0377
15605 176.6049
15606 151.9981
15607 153.2672
15608 152.1588
15609 395.1404
15610 221.0606
15611 148.7863
15612 151.3027
15613 213.5825
15615 183.7635
15617 204.0981
15619 154.4978
15620 149.2473
15622 280.6240
15623 205.0069
15624 2245.9577
15625 207.4158
15628 148.7877
15629 173.1835
15630 171.4256
15633 217.6287
15634 182.6862
15635 149.9153
15636 261.2853
15637 291.4594
15638 154.8688
15639 158.2622
15640 245.6204
15641 299.5360
15644 149.9171
15645 180.1070
15646 151.3652
15647 153.5094
15648 159.2083
15652 2902.9380
15653 149.7790
15655 243.5288
15656 179.8117
15657 149.3390
15659 149.5196
15660 237.9245
15661 1504.0329
15663 151.7904
15664 4046.3500
15665 1447.6373
15666 3747.6394
15667 171.5058
15668 174.5879
15669 149.9785
15670 172.7879
15671 150.0803
15673 161.3798
15674 175.2804
15675 154.1285
15676 151.9274
15677 187.8122
15680 229.3367
15681 243.1466
15682 3655.4282
15683 202.8520
15684 1484.8031
15685 166.3984
15686 205.7853
15687 455.3858
15688 280.9261
15689 150.0118
15690 464.0461
15691 1965.6430
15692 237.8288
15693 4031.8872
15695 678.1225
15696 212.1473
15697 215.6677
15698 154.8333
15700 152.9398
15701 160.6260
15703 153.7197
15704 150.6008
15707 152.4671
15708 4204.9421
15709 170.2387
15712 147.8734
15713 260.2000
15714 150.3796
15717 344.0938
15718 493.3945
15719 179.2895
15720 191.5759
15721 960.1555
15722 158.8965
15723 149.3901
15725 229.1668
15726 1587.6472
15727 493.7287
15728 198.2212
15729 275.4302
15730 164.5715
15731 175.5943
15732 3988.6285
15734 823.5961
15736 307.7392
15738 149.3225
15740 240.5096
15742 200.6032
15745 168.1238
15747 207.4153
15748 212.0849
15749 1587.1952
15750 526.7655
15751 150.0264
15752 150.0511
15755 253.7372
15756 187.1722
15758 182.0772
15761 194.6267
15762 173.1137
15764 190.0186
15766 167.0598
15767 151.8893
15768 1051.2639
15769 191.5516
15772 151.8832
15773 181.1295
15776 153.7615
15777 168.6016
15778 153.8030
15779 158.4436
15780 215.4562
15781 4047.5061
15783 822.2276
15784 164.4791
15785 149.3746
15786 164.7257
15787 152.4606
15788 217.0306
15791 2041.7994
15792 2446.8984
15795 172.4690
15796 160.5045
15797 183.7732
15799 996.9417
15800 164.3709
15801 149.3558
15802 151.3241
15803 165.8204
15804 167.1946
15806 183.7087
15807 175.0724
15808 259.9228
15809 149.3598
15811 235.1897
15813 161.7240
15814 159.9617
15815 170.9634
15816 151.4183
15817 174.7599
15818 150.1549
15820 2711.4663
15821 4056.5835
15823 2045.6645
15824 161.5156
15825 151.9641
15826 150.8475
15827 176.5680
15829 3002.1720
15830 149.1697
15831 195.8875
15832 1354.8465
15833 153.4658
15834 180.1070
15835 4183.2482
15836 173.1845
15837 150.1103
15842 147.8734
15843 156.6887
15844 149.5637
15845 150.2879
15849 261.8724
15850 153.3472
15852 4013.1736
15853 155.2482
15854 239.8257
15857 693.2559
15858 156.3877
15859 4262.5363
15861 225.9642
15862 150.3930
15863 3182.6203
15864 152.1513
15866 166.6510
15867 186.6239
15869 3856.2094
15870 151.0380
15873 154.4975
15875 166.7473
15876 170.6337
15877 211.1985
15878 179.9042
15881 151.5474
15882 157.8811
15883 654.8788
15884 150.8905
15885 170.0925
15886 162.4641
15888 3708.6048
15889 286.8593
15890 149.9952
15891 149.8501
15892 150.5528
15893 150.1444
15898 182.2736
15899 156.8319
15900 158.7990
15901 180.5898
15903 150.8618
15905 3342.0011
15906 907.7070
15907 1543.5366
15910 180.1070
15911 206.2364
15912 173.3671
15914 3310.2935
15915 198.8740
15916 3056.1916
15917 3624.1708
15918 175.0617
15919 168.1835
15921 3288.6686
15922 175.6112
15923 191.5547
15924 185.3738
15928 2061.0813
15929 159.5686
15930 176.7007
15932 154.5975
15934 584.9258
15936 158.7966
15937 172.5979
15938 150.8597
15939 273.7391
15940 179.3622
15941 237.0577
15942 280.1315
15943 233.9729
15944 4030.2777
15947 463.9116
15948 150.2903
15950 150.9168
15952 156.4099
15953 166.3051
15954 260.8637
15955 150.1591
15956 181.1295
15958 229.7113
15959 823.9116
15960 889.6073
15963 149.6409
15965 152.2253
15966 195.5619
15967 799.1495
15969 155.6388
15972 178.2840
15973 149.3490
15974 228.3730
15975 566.2557
15976 3413.8307
15977 229.8364
15978 1381.4196
15979 152.1811
15980 150.5590
15981 179.6330
15983 2877.7407
15984 194.3930
15985 4072.4327
15986 1151.4275
15987 148.8873
15988 184.6515
15990 203.8015
15992 294.5791
15993 150.9468
15995 151.9720
15997 337.6105
15998 172.0458
15999 172.9627
16000 152.1390
16002 229.5930
16004 3889.9973
16005 154.0203
16006 2547.3293
16007 154.9591
16008 221.5543
16009 177.9957
16011 191.5547
16012 181.5796
16013 1992.5170
16014 1926.3095
16016 156.7887
16017 152.7615
16018 154.6507
16019 4015.8398
16021 152.6175
16023 884.9152
16025 168.1051
16026 3863.2215
16028 153.2872
16029 155.7798
16030 195.1608
16031 218.0540
16033 309.8763
16034 180.1070
16036 159.5433
16037 157.4144
16040 152.0109
16042 158.9626
16044 195.5293
16045 152.9303
16047 4119.9934
16048 202.0254
16049 2379.7266
16050 188.7540
16054 155.2340
16055 152.2070
16056 2973.4935
16057 213.5201
16060 158.5507
16062 183.5155
16063 2877.7407
16065 153.1749
16066 1405.1445
16067 3335.8593
16069 185.2022
16070 152.0804
16071 814.8383
16072 151.7733
16074 268.2391
16076 1363.0790
16077 151.8594
16078 160.3386
16082 151.4776
16083 165.1033
16086 1439.6358
16087 3936.1560
16090 860.2289
16091 209.2260
16092 579.2742
16093 1517.5667
16095 168.3841
16096 163.5147
16097 150.7759
16098 202.8909
16099 149.6410
16100 191.4465
16104 192.7362
16107 195.9353
16108 154.9656
16109 3838.5251
16111 4093.7558
16112 2481.9151
16113 196.0240
16114 155.0687
16115 154.0620
16116 208.6222
16117 2223.3145
16118 311.4442
16119 162.6301
16121 165.1033
16122 167.5644
16123 156.4320
16125 2675.9225
16127 357.4842
16130 285.4918
16131 164.6405
16132 149.2640
16133 186.4873
16134 1449.6349
16135 1564.7686
16137 3889.9973
16138 162.7813
16139 164.1624
16140 285.8217
16141 176.6320
16143 3873.6215
16147 181.1295
16149 172.6227
16150 1251.5593
16151 1710.9180
16152 274.7096
16153 158.0540
16154 296.0411
16157 162.3140
16158 250.8567
16159 193.1128
16160 182.2147
16163 175.0336
16164 1318.3894
16165 175.4313
16168 151.8530
16169 163.2636
16170 465.1973
16171 205.8293
16172 151.1593
16173 223.5094
16174 184.3428
16175 158.4052
16177 3932.7929
16179 155.0524
16180 1136.6049
16181 153.8035
16182 196.1964
16183 157.8825
16186 157.1483
16193 4180.3812
16194 205.2850
16197 342.4857
16199 155.5701
16200 156.4679
16201 186.4873
16203 160.6226
16204 149.6460
16205 354.6874
16207 176.2593
16209 4065.0086
16211 151.7901
16213 149.9955
16214 149.0777
16215 154.8770
16217 151.7061
16219 160.2647
16220 2777.6545
16221 3078.6348
16222 2161.0697
16223 149.6508
16224 3631.2533
16225 174.6303
16226 153.3531
16231 150.8538
16234 199.4370
16235 151.4360
16236 156.8105
16237 150.6407
16238 194.8071
16239 178.5354
16241 1365.4225
16242 239.7202
16243 3865.3009
16247 155.7798
16249 150.4639
16250 1583.0576
16251 631.3854
16252 3994.2088
16254 156.7421
16256 191.0000
16258 275.3222
16259 149.3609
16260 4152.2380
16261 168.7355
16262 188.4382
16263 245.5409
16266 170.3041
16267 153.9187
16268 434.6881
16269 207.7148
16270 152.8090
16271 168.5350
16272 158.1790
16273 178.1650
16274 510.4883
16275 152.1721
16276 181.1295
16277 981.3204
16279 262.0536
16280 166.3051
16281 176.0128
16283 148.3810
16284 152.1100
16285 148.4998
16286 2297.4312
16287 3108.0943
16289 486.0382
16290 2433.7951
16291 3963.1330
16293 168.2314
16294 1855.4288
16296 766.5963
16297 156.6127
16299 162.6800
16300 237.5642
16301 164.6291
16302 171.3497
16303 210.2069
16305 150.9500
16306 176.3253
16307 157.6790
16310 186.3849
16313 2644.0018
16314 152.6833
16315 184.9549
16318 3705.9621
16319 185.0520
16320 159.9731
16321 386.4043
16322 305.7456
16323 151.1011
16324 4050.9676
16325 157.1061
16326 170.0562
16328 157.6540
16330 237.8575
16331 153.7493
16332 871.7123
16333 160.8456
16334 155.7798
16335 150.4137
16336 3120.6044
16337 312.1988
16339 504.7100
16340 153.8900
16343 162.0656
16345 170.2546
16346 165.3391
16347 224.1670
16349 176.5806
16350 179.7052
16351 1529.6579
16352 153.5011
16353 279.6087
16355 171.7895
16356 154.6225
16357 265.5619
16358 189.0678
16360 152.5876
16361 152.3155
16365 172.5257
16366 158.6819
16367 149.1993
16369 192.3836
16375 234.8424
16378 166.4678
16379 195.5293
16380 149.9515
16381 1288.6111
16384 238.8226
16385 738.5663
16386 151.4934
16387 667.0931
16388 216.3226
16389 152.9549
16391 1828.4664
16392 157.2961
16394 152.2198
16396 4065.0086
16398 173.2135
16399 158.5507
16400 219.8673
16401 151.6440
16402 164.0090
16403 222.3342
16404 241.3347
16405 153.3719
16406 4098.3623
16407 163.0181
16408 217.6012
16410 150.9043
16411 161.1723
16414 2829.4664
16417 154.9850
16418 152.8310
16422 2611.7618
16423 163.3805
16424 4030.2777
16425 1221.0029
16426 239.1830
16428 242.4657
16430 1162.7782
16431 151.0712
16432 149.0440
16436 173.3671
16438 215.6697
16441 148.9890
16442 3952.2566
16444 192.3403
16445 164.8031
16446 169.6611
16447 192.7196
16448 167.9316
16449 165.9115
16450 165.4450
16453 173.5621
16454 153.6994
16455 157.5314
16456 152.8241
16457 190.6982
16459 216.8893
16460 305.7456
16461 150.2037
16465 181.1295
16466 152.9513
16468 221.3820
16470 171.4811
16471 153.3057
16472 317.1340
16475 181.5796
16476 168.9706
16477 3804.4571
16479 264.5213
16480 152.6263
16481 255.6534
16483 2924.4892
16485 229.6070
16486 4255.0280
16487 151.8530
16488 180.7913
16490 179.2136
16491 194.2680
16492 1939.8158
16493 247.4304
16494 150.7805
16495 1162.1909
16496 149.8672
16498 2220.4963
16500 4237.1468
16503 2541.8730
16504 150.9687
16505 197.1835
16506 166.1809
16507 200.9088
16509 163.1973
16510 152.4134
16511 1427.1041
16512 158.4207
16514 154.8716
16515 281.3549
16517 167.5867
16518 975.5106
16519 1596.0131
16521 1091.7948
16523 195.5293
16524 153.0821
16526 151.7490
16530 153.1313
16532 252.8238
16534 237.8139
16535 164.6287
16537 150.8831
16538 153.4971
16540 177.3016
16542 170.0883
16543 152.6801
16545 205.5559
16546 169.5550
16549 154.7818
16550 148.9046
16551 4230.0793
16552 181.4310
16553 166.3349
16555 153.1796
16556 156.5051
16557 170.8505
16558 323.7649
16561 151.8922
16562 158.2174
16563 181.5796
16564 151.6377
16565 157.9025
16566 168.6443
16567 395.1837
16568 1079.5251
16569 169.8317
16571 155.8708
16572 178.5354
16573 176.7430
16578 1825.3806
16579 152.5496
16582 332.6101
16583 156.2169
16585 226.0871
16586 179.7533
16587 473.6925
16588 239.2725
16589 182.2006
16590 2715.2657
16591 4258.9053
16592 148.7033
16595 151.6718
16596 150.8759
16597 154.1536
16598 178.8529
16601 151.2704
16602 151.7886
16603 149.9938
16605 152.0647
16606 151.9873
16607 166.8345
16608 686.6444
16611 4152.4067
16612 152.1322
16613 1741.4010
16617 153.0496
16618 1556.0102
16619 152.7791
16620 166.4446
16622 193.8405
16623 229.5484
16624 161.0424
16625 149.4224
16626 149.1444
16628 428.8022
16629 153.8420
16631 2189.7833
16633 150.5764
16635 152.0324
16637 1408.3683
16639 152.9898
16640 173.1872
16641 160.7950
16642 150.5039
16643 152.5399
16646 152.7590
16648 1854.9744
16650 415.2500
16652 150.6768
16654 161.5411
16655 151.7126
16656 158.3479
16657 167.7377
16661 790.4150
16662 324.2888
16664 162.0535
16665 169.4992
16666 303.3904
16667 213.1144
16669 149.7988
16670 488.0640
16672 151.3082
16676 237.4796
16678 287.3516
16679 155.5099
16681 1834.7738
16682 203.7654
16685 154.7684
16686 2400.1677
16687 169.4912
16688 150.8555
16689 942.1781
16691 2815.1068
16692 515.8651
16694 256.2422
16695 153.6327
16696 217.6689
16697 149.2587
16698 168.3941
16699 150.5105
16701 150.8491
16702 165.6212
16703 152.9015
16704 185.5676
16705 1354.7442
16706 214.0862
16707 159.9731
16712 150.1604
16713 804.2046
16714 162.0126
16715 2274.6304
16718 150.2109
16719 152.9006
16720 236.1871
16721 232.3711
16722 4237.8827
16723 3604.4137
16725 245.7947
16726 171.8732
16728 4236.0482
16730 219.6750
16732 182.7917
16735 151.2945
16736 192.7196
16740 3150.2655
16741 152.4445
16742 153.8445
16743 152.6665
16744 651.3224
16748 182.7917
16749 190.6437
16750 210.2580
16751 168.6237
16752 190.2718
16753 152.7443
16754 1053.5658
16755 152.4311
16756 3506.8500
16759 279.2786
16760 4255.0280
16761 151.7257
16762 3864.9615
16763 170.0697
16765 445.4481
16766 3417.3267
16767 150.4450
16768 253.6348
16769 170.8548
16770 159.7246
16771 205.2850
16774 155.3440
16776 4065.0086
16778 1716.4583
16780 2477.2926
16782 178.6038
16783 230.5520
16784 200.0884
16785 166.3312
16786 152.0091
16787 150.8503
16789 151.3343
16790 174.0998
16791 2276.2709
16792 3891.4288
16793 1072.0950
16795 1452.0649
16797 150.8027
16799 2618.7630
16800 161.8932
16802 154.0738
16803 171.9465
16804 174.0506
16805 219.9041
16806 3614.5812
16808 168.0904
16809 1372.8872
16811 194.6820
16812 150.4148
16813 163.2686
16814 211.5250
16815 3796.4689
16816 942.0611
16818 242.4118
16819 465.4103
16820 166.6913
16821 182.4785
16822 3362.0211
16823 177.1636
16824 4047.5061
16825 181.1295
16826 187.2902
16828 163.2746
16830 1103.9632
16831 195.7169
16834 415.8112
16835 3734.4263
16840 221.0606
16841 2025.9850
16842 170.1230
16844 199.4609
16845 173.3671
16848 251.6181
16849 158.8255
16850 2880.0593
16853 152.4375
16854 152.5210
16855 452.2253
16860 152.5977
16861 196.5228
16862 1908.5626
16864 1930.9173
16865 379.7681
16866 155.0512
16869 1945.6049
16870 150.6501
16871 235.7251
16872 148.8484
16876 170.1982
16877 179.5458
16879 201.1868
16881 226.3958
16882 184.4231
16883 185.5913
16884 3308.4131
16885 294.5791
16886 169.3003
16887 417.1146
16888 989.6776
16891 239.5267
16892 292.7882
16894 622.1552
16895 330.2068
16897 181.1295
16899 180.0098
16901 151.6814
16902 182.3340
16906 194.8046
16908 3906.5882
16909 185.0776
16913 153.6297
16914 272.7659
16915 1943.0640
16917 150.0118
16919 153.2470
16920 236.7045
16921 166.0052
16923 181.1295
16924 194.4581
16925 170.8040
16926 152.9597
16927 2109.2765
16930 180.4446
16932 219.8150
16934 2639.8592
16935 218.9711
16937 227.4168
16940 152.9402
16942 167.9686
16943 282.3445
16944 2658.5290
16945 1437.1472
16946 151.7923
16947 151.5649
16949 172.9184
16950 152.9803
16951 168.0037
16952 210.2599
16953 149.3766
16955 152.8071
16956 153.9223
16959 150.7845
16960 1372.9846
16962 150.8731
16963 235.1075
16964 195.8875
16966 156.8087
16968 150.2323
16969 234.5497
16970 3725.6870
16971 181.1295
16972 153.8900
16974 912.2848
16976 149.1487
16977 173.3671
16980 3309.6904
16982 153.9108
16983 163.2636
16985 162.7722
16987 3308.0963
16989 169.8062
16990 176.0265
16991 177.2611
16992 154.8459
16993 262.0536
16995 151.3321
16996 201.0286
16997 343.1076
16999 185.6554
17001 184.6329
17002 153.6121
17003 152.7912
17004 1468.6260
17006 150.0287
17007 150.2255
17009 181.1295
17014 188.7540
17015 174.1858
17016 160.7088
17018 194.6820
17019 151.5675
17020 2992.6141
17021 149.9140
17022 150.8074
17023 155.8839
17025 151.2714
17026 423.3992
17028 157.5446
17029 160.6439
17032 406.9020
17034 161.7142
17035 174.0465
17037 537.9536
17038 222.4182
17039 156.1148
17040 150.6147
17041 148.7696
17044 154.9391
17045 150.3619
17047 329.6595
17049 173.3671
17050 182.0038
17051 176.0129
17052 183.3733
17053 274.2034
17054 153.8523
17055 3544.7879
17058 229.9788
17059 207.8654
17060 152.1934
17061 4205.3829
17062 957.0678
17063 162.8378
17065 3575.9819
17066 151.8324
17067 2406.6296
17070 153.3111
17071 152.8296
17072 190.5978
17073 181.1295
17074 653.7089
17075 159.6983
17076 182.2736
17078 512.2353
17079 153.9811
17080 151.3537
17082 200.7510
17084 172.5289
17085 151.7313
17087 151.2943
17089 150.1870
17090 3266.6579
17091 1946.7075
17092 323.9056
17094 3846.9502
17095 195.3538
17097 148.5090
17098 165.1707
17099 571.2893
17101 189.4498
17102 153.8379
17103 1162.0541
17104 181.1440
17106 150.7377
17108 150.0803
17109 154.3836
17111 1249.6816
17112 2817.2702
17113 729.9173
17114 222.8653
17115 149.8068
17116 164.0238
17117 170.2418
17118 334.3867
17119 171.7563
17120 204.4856
17122 189.6369
17124 1985.4452
17126 211.7192
17127 183.9264
17128 151.4075
17129 157.1699
17131 152.2253
17135 192.2711
17136 152.1035
17137 2089.2895
17138 169.6527
17139 3607.2919
17140 170.9634
17141 156.0462
17142 151.0503
17143 173.3211
17144 310.3210
17145 185.3207
17146 766.5924
17147 215.2024
17149 255.0439
17150 177.3476
17151 2009.6162
17152 177.9957
17153 152.9898
17154 150.3780
17155 226.3892
17156 263.5016
17159 180.5699
17161 380.2360
17162 242.2743
17163 183.6141
17164 151.7098
17165 192.3836
17166 162.9793
17167 152.3896
17168 156.4150
17169 151.5904
17171 152.1275
17174 151.8498
17175 264.9887
17177 3865.3009
17178 150.5251
17179 1739.8460
17181 151.0915
17182 169.3639
17183 151.4225
17184 173.1845
17185 172.6957
17187 3648.0025
17188 281.2016
17189 1511.8492
17190 151.5673
17191 617.5564
17192 172.3502
17193 184.8942
17194 228.5558
17195 154.9835
17196 610.0615
17197 160.7088
17198 150.2712
17199 3690.3488
17200 240.7063
17202 235.7526
17204 1577.0743
17206 3207.4402
17208 151.8824
17210 149.7164
17211 151.1454
17214 182.9592
17217 469.9437
17219 3463.9834
17221 159.8694
17224 234.8055
17225 160.2555
17228 445.8986
17229 150.8344
17230 419.6367
17231 189.0584
17233 3122.9992
17234 148.8384
17236 151.3371
17237 156.8005
17238 166.7019
17242 172.7879
17243 4011.1270
17245 152.7274
17246 2317.4067
17248 1586.0857
17249 150.5412
17250 294.4870
17251 240.3299
17253 151.4765
17254 361.5235
17256 148.3736
17257 183.5155
17261 149.3558
17262 207.4950
17263 173.0643
17266 1801.5009
17267 275.3167
17269 150.8940
17272 1805.9105
17273 148.6199
17274 370.4376
17276 2161.5268
17277 214.3041
17279 463.9116
17283 171.9465
17284 149.4099
17285 1667.6349
17286 154.5075
17287 168.4263
17288 173.0955
17290 151.4216
17291 148.3990
17292 148.8284
17293 982.8349
17295 154.4288
17296 826.9578
17298 151.5844
17299 254.7699
17300 1515.5743
17301 149.0220
17303 181.5672
17304 169.9194
17305 839.0594
17306 474.7703
17307 192.3836
17308 657.5825
17309 148.9728
17311 287.6583
17312 155.4549
17316 2956.1037
17317 153.3563
17318 166.9192
17319 158.5813
17323 168.5116
17324 732.5064
17325 155.4423
17326 202.8855
17327 287.4505
17329 165.1707
17330 149.6203
17331 161.5766
17332 153.9548
17333 150.8144
17334 195.0934
17335 3153.4207
17336 3522.1801
17337 160.5955
17339 150.8485
17341 372.0685
17344 517.8501
17346 188.8026
17347 193.0393
17349 278.7494
17350 185.8235
17351 4233.5157
17352 1080.8280
17353 162.0535
17354 149.6568
17355 159.3112
17357 158.8235
17359 160.1962
17360 152.4650
17362 4119.9934
17364 171.4670
17366 231.4941
17367 204.5341
17368 152.2649
17369 2733.0423
17371 985.9535
17372 240.8406
17375 335.1447
17376 151.0140
17378 3804.5996
17380 4253.9139
17383 3797.3958
17384 154.4054
17385 299.4385
17386 172.7083
17387 4119.9934
17388 246.9077
17389 393.7301
17390 1973.8094
17391 211.1985
17393 4049.5813
17395 459.0621
17396 151.9963
17397 157.3848
17398 206.7798
17399 188.3039
17402 180.9100
17404 1989.3660
17405 224.9346
17406 1569.1540
17407 171.7895
17409 1019.6160
17410 168.6226
17412 3622.9098
17413 2075.4943
17415 171.9465
17416 285.7483
17417 1797.3381
17418 3353.9945
17419 163.7784
17420 150.9395
17421 176.7069
17422 1715.0864
17424 1721.5231
17426 187.5580
17427 148.3206
17430 156.8029
17431 3059.7927
17432 157.4144
17433 180.0968
17434 322.7818
17435 181.5796
17436 300.0978
17438 406.3275
17439 153.9156
17440 284.6203
17441 150.5201
17442 152.2722
17443 435.3646
17444 148.8662
17445 3484.8967
17447 195.5438
17448 150.7478
17450 1544.4918
17453 153.1343
17454 178.3273
17456 176.5528
17457 158.8193
17458 148.8380
17459 192.5501
17460 2245.9577
17461 151.6405
17463 162.8601
17465 1897.7218
17466 445.6708
17468 3105.5103
17469 168.1604
17470 438.1516
17471 264.4467
17472 3951.1950
17473 3544.7879
17474 1463.7895
17476 167.5852
17478 2242.2800
17479 150.6975
17481 151.5021
17482 926.9170
17484 164.5937
17485 151.1692
17486 3163.0709
17487 172.2027
17488 150.0966
17492 164.5278
17493 169.1695
17494 374.2576
17495 163.3733
17496 177.7529
17497 3701.0493
17498 189.2317
17499 159.8242
17503 149.5131
17505 181.1295
17506 167.8118
17507 2815.1692
17508 869.4703
17509 168.1949
17510 151.1095
17512 177.9957
17513 155.8263
17514 198.0174
17515 152.9898
17518 166.9192
17519 152.2276
17520 181.1440
17521 289.3577
17522 151.2866
17524 163.3805
17525 569.4115
17526 210.1600
17527 149.0435
17528 176.7795
17530 2206.2178
17532 1188.7175
17533 729.8952
17534 190.6117
17536 155.8407
17537 179.6366
17539 150.1351
17540 287.4505
17542 180.8449
17543 193.2807
17545 151.5854
17546 276.6103
17549 156.1240
17550 168.6883
17551 183.9361
17552 275.3529
17554 149.5607
17559 186.6491
17564 4074.0981
17568 2027.3239
17571 155.4403
17572 160.2937
17573 1618.0400
17575 149.4958
17577 214.2483
17579 195.5293
17580 150.7985
17581 221.3599
17583 255.5120
17584 182.7065
17586 331.7192
17589 2468.7961
17591 3723.0533
17593 163.7843
17594 187.1476
17595 291.8646
17596 155.3080
17597 152.4488
17599 195.5293
17600 171.9465
17602 153.7281
17603 163.7518
17604 151.3823
17606 277.2408
17608 155.7798
17612 167.4156
17615 166.2240
17616 294.2180
17617 1475.4679
17618 3125.1962
17620 263.6783
17623 173.8873
17625 3961.4992
17626 150.9168
17627 4114.6455
17630 156.4928
17631 172.5257
17635 212.6291
17636 151.0889
17637 149.4563
17638 1173.2475
17641 161.0309
17643 201.0286
17645 228.2228
17647 171.5257
17649 208.1341
17650 4235.6055
17653 1678.5210
17654 165.8241
17655 156.4862
17656 170.6987
17657 181.1295
17658 332.1962
17661 148.2634
17662 185.4935
17663 4180.2457
17664 180.8347
17665 152.4961
17666 4098.3623
17667 2760.9066
17669 148.4328
17670 204.9130
17671 3709.0368
17672 154.0329
17673 181.5796
17674 1855.8941
17675 185.8994
17677 194.2022
17679 609.4761
17680 2207.8736
17685 180.1977
17686 152.2564
17687 227.5957
17688 2465.1316
17689 157.7706
17690 200.8416
17692 183.8931
17694 157.2295
17696 151.3870
17697 181.1295
17698 148.4501
17699 194.6820
17703 3573.6589
17704 159.6232
17705 161.0002
17706 815.1273
17707 1404.1139
17710 199.8620
17711 384.5379
17713 1103.1751
17714 4021.0418
17715 3247.7355
17716 4056.5835
17717 4258.9053
17718 171.2030
17719 173.8873
17721 276.8622
17725 648.0064
17726 515.5004
17729 184.6515
17730 167.2674
17732 196.4627
17733 215.3768
17735 240.0139
17737 224.9618
17739 239.1204
17740 155.6719
17741 151.1041
17743 497.1202
17749 3794.7790
17750 151.4276
17752 324.5915
17754 646.8734
17755 180.6043
17756 178.9095
17757 234.1583
17760 263.6861
17762 151.0701
17763 4021.1961
17766 244.8687
17767 203.5747
17768 161.5835
17769 172.8492
17772 196.5798
17774 212.8345
17775 153.3623
17777 237.3844
17780 267.2780
17781 277.2408
17782 162.8215
17784 154.7840
17786 1046.8471
17787 195.5293
17789 218.5309
17790 173.7302
17791 1202.3962
17793 244.7084
17794 3991.4886
17795 152.5847
17797 173.5362
17798 161.3878
17799 177.5820
17800 3919.8991
17801 3873.4380
17802 177.1970
17804 148.6381
17805 152.6821
17806 168.4263
17807 147.6946
17809 159.1401
17810 250.6171
17811 3197.9283
17812 151.1237
17813 227.1610
17817 151.8465
17818 2393.3586
17820 185.6554
17822 171.3625
17823 169.1890
17824 196.5292
17825 173.8873
17826 162.9721
17827 153.6631
17829 468.8569
17831 177.7937
17832 149.8246
17833 150.7240
17835 379.0365
17838 209.9944
17839 3540.9046
17842 149.8792
17843 239.6927
17844 209.2073
17845 280.5609
17846 4099.2085
17847 2685.4947
17849 166.4710
17851 150.9395
17852 181.5796
17853 831.2739
17854 151.4703
17855 3804.4571
17856 3955.9327
17858 151.1613
17861 250.8652
17862 1215.6111
17863 3211.2111
17864 236.3818
17865 200.0011
17867 159.9022
17870 151.4890
17871 237.6961
17874 181.3883
17876 235.7845
17877 216.3787
17878 229.2792
17880 155.1563
17881 150.8034
17882 296.0717
17883 198.7061
17884 216.2503
17886 157.7199
17887 4182.0697
17888 155.0111
17890 159.1535
17891 4173.5469
17892 620.9334
17894 155.3996
17896 153.2684
17898 996.1226
17900 151.3432
17902 148.8102
17903 220.2968
17906 177.9957
17907 216.8709
17908 160.4227
17909 2033.5929
17910 197.6150
17911 289.6773
17914 148.8468
17915 184.6515
17916 2235.0616
17917 239.1204
17918 184.3740
17919 204.3006
17921 195.4601
17922 152.8683
17924 891.7610
17926 156.3474
17927 411.1196
17928 201.2206
17929 176.0076
17931 148.6258
17935 3414.6327
17936 927.6517
17937 155.0349
17939 2816.2508
17940 149.3558
17941 343.2751
17942 219.2583
17943 195.8704
17944 3083.1235
17945 206.4602
17950 2018.9742
17951 154.2593
17952 4175.1626
17953 236.4670
17954 149.3530
17956 148.5315
17957 163.7843
17958 3746.8418
17959 227.4168
17960 241.3454
17962 327.4097
17965 1588.8699
17967 3125.2056
17968 158.3158
17971 173.1845
17972 155.1077
17973 427.8118
17974 150.6391
17975 3284.5514
17977 197.5796
17979 3811.3723
17981 182.5662
17983 247.5521
17984 187.5966
17986 150.9421
17990 350.0416
17991 153.6940
17992 151.5325
17993 276.3332
17994 164.8788
17997 241.3551
17998 153.2540
17999 1043.3746
18000 160.9581
18002 151.4637
18003 312.2010
18005 190.9328
18006 197.0608
18008 162.3250
18009 757.9693
18010 3196.0547
18012 2320.2537
18015 942.0611
18016 178.5211
18017 1271.4298
18018 154.7504
18019 302.9831
18020 155.5868
18021 153.6975
18022 155.8466
18023 156.2661
18025 192.3836
18026 195.3250
18028 187.8509
18029 239.0255
18030 182.1366
18033 530.0805
18034 164.7157
18036 236.7068
18038 179.2136
18039 153.3483
18040 3158.5734
18043 150.8689
18045 149.4508
18046 383.3766
18048 152.3751
18050 152.4973
18051 293.7969
18054 191.5824
18056 1209.3954
18057 2331.5779
18058 3885.6601
18059 218.6343
18060 238.8449
18061 251.1911
18062 277.9322
18063 3937.9894
18064 251.7887
18066 248.2919
18067 187.6336
18068 444.3264
18069 149.8136
18070 264.2748
18072 429.4932
18073 179.6150
18075 150.1513
18076 3611.6809
18077 164.7134
18078 3643.1689
18079 158.6916
18080 1531.3570
18081 3965.6937
18082 149.1263
18084 275.3529
18085 152.8773
18087 168.5886
18088 218.9110
