layerId nodeId binId sigmaInterval_lb sigmaInterval_ub sigmaFreq
1 0 0 -0.2090425380 -0.1581281863 241
1 0 1 -0.1581281863 -0.1072138346 3711
1 0 2 -0.1072138346 -0.0562994829 6320
1 0 3 -0.0562994829 -0.0053851312 6513
1 0 4 -0.0053851312 0.0455292205 1545
1 0 5 0.0455292205 0.0964435722 402
1 0 6 0.0964435722 0.1473579239 80
1 0 7 0.1473579239 0.1982722756 3
1 1 0 -0.1515062270 -0.1151370295 150
1 1 1 -0.1151370295 -0.0787678320 3677
1 1 2 -0.0787678320 -0.0423986345 6778
1 1 3 -0.0423986345 -0.0060294370 5976
1 1 4 -0.0060294370 0.0303397605 1481
1 1 5 0.0303397605 0.0667089580 691
1 1 6 0.0667089580 0.1030781555 48
1 1 7 0.1030781555 0.1394473530 13
1 1 8 0.1394473530 0.1758165505 1
1 2 0 -0.2719760802 -0.2163760644 82
1 2 1 -0.2163760644 -0.1607760486 2136
1 2 2 -0.1607760486 -0.1051760328 5767
1 2 3 -0.1051760328 -0.0495760170 5603
1 2 4 -0.0495760170 0.0060239988 5025
1 2 5 0.0060239988 0.0616240146 179
1 2 6 0.0616240146 0.1172240304 23
1 3 0 -0.0900893822 -0.0773341684 25
1 3 1 -0.0773341684 -0.0645789546 165
1 3 2 -0.0645789546 -0.0518237408 812
1 3 3 -0.0518237408 -0.0390685270 3834
1 3 4 -0.0390685270 -0.0263133132 7174
1 3 5 -0.0263133132 -0.0135580994 5535
1 3 6 -0.0135580994 -0.0008028856 1169
1 3 7 -0.0008028856 0.0119523282 63
1 3 8 0.0119523282 0.0247075420 23
1 3 9 0.0247075420 0.0374627558 9
1 3 10 0.0374627558 0.0502179696 3
1 3 11 0.0502179696 0.0629731834 2
1 3 12 0.0629731834 0.0757283972 1
1 4 0 -0.0318290338 0.2695004133 5803
1 4 1 0.2695004133 0.5708298604 5102
1 4 2 0.5708298604 0.8721593075 5864
1 4 3 0.8721593075 1.1734887546 1994
1 4 4 1.1734887546 1.4748182017 52
1 5 0 -0.0338798018 0.2953205952 6327
1 5 1 0.2953205952 0.6245209922 5468
1 5 2 0.6245209922 0.9537213892 5146
1 5 3 0.9537213892 1.2829217862 1833
1 5 4 1.2829217862 1.6121221832 41
1 6 0 -0.0276812927 0.2020739530 5458
1 6 1 0.2020739530 0.4318291987 5789
1 6 2 0.4318291987 0.6615844444 5370
1 6 3 0.6615844444 0.8913396901 2118
1 6 4 0.8913396901 1.1210949358 80
1 7 0 -0.2505812941 -0.1943713765 248
1 7 1 -0.1943713765 -0.1381614589 2848
1 7 2 -0.1381614589 -0.0819515413 5890
1 7 3 -0.0819515413 -0.0257416237 6114
1 7 4 -0.0257416237 0.0304682939 3306
1 7 5 0.0304682939 0.0866782115 361
1 7 6 0.0866782115 0.1428881291 46
1 7 7 0.1428881291 0.1990980467 2
1 8 0 -0.3156304566 -0.2572639403 108
1 8 1 -0.2572639403 -0.1988974240 2012
1 8 2 -0.1988974240 -0.1405309077 5795
1 8 3 -0.1405309077 -0.0821643914 5245
1 8 4 -0.0821643914 -0.0237978751 5455
1 8 5 -0.0237978751 0.0345686412 200
1 9 0 -0.2446377750 -0.1937631714 112
1 9 1 -0.1937631714 -0.1428885678 1714
1 9 2 -0.1428885678 -0.0920139642 4759
1 9 3 -0.0920139642 -0.0411393606 6319
1 9 4 -0.0411393606 0.0097352430 5361
1 9 5 0.0097352430 0.0606098466 473
1 9 6 0.0606098466 0.1114844502 63
1 9 7 0.1114844502 0.1623590538 11
1 9 8 0.1623590538 0.2132336574 3
1 10 0 -0.2132610800 -0.1590312071 506
1 10 1 -0.1590312071 -0.1048013342 5110
1 10 2 -0.1048013342 -0.0505714613 6099
1 10 3 -0.0505714613 0.0036584116 5965
1 10 4 0.0036584116 0.0578882845 765
1 10 5 0.0578882845 0.1121181574 347
1 10 6 0.1121181574 0.1663480303 23
1 11 0 -0.1594128942 -0.1229969442 668
1 11 1 -0.1229969442 -0.0865809942 4651
1 11 2 -0.0865809942 -0.0501650442 5871
1 11 3 -0.0501650442 -0.0137490942 5436
1 11 4 -0.0137490942 0.0226668558 2088
1 11 5 0.0226668558 0.0590828058 98
1 11 6 0.0590828058 0.0954987558 2
1 11 7 0.0954987558 0.1319147058 1
1 12 0 -0.0098504417 0.2737257561 4659
1 12 1 0.2737257561 0.5573019539 5687
1 12 2 0.5573019539 0.8408781517 5552
1 12 3 0.8408781517 1.1244543495 2741
1 12 4 1.1244543495 1.4080305473 176
1 13 0 -0.0062180142 0.1471507561 2246
1 13 1 0.1471507561 0.3005195264 7079
1 13 2 0.3005195264 0.4538882967 5304
1 13 3 0.4538882967 0.6072570670 3363
1 13 4 0.6072570670 0.7606258373 797
1 13 5 0.7606258373 0.9139946076 26
1 14 0 -0.1421383719 -0.1101801470 185
1 14 1 -0.1101801470 -0.0782219221 2499
1 14 2 -0.0782219221 -0.0462636972 5661
1 14 3 -0.0462636972 -0.0143054723 6483
1 14 4 -0.0143054723 0.0176527526 3474
1 14 5 0.0176527526 0.0496109775 425
1 14 6 0.0496109775 0.0815692024 71
1 14 7 0.0815692024 0.1135274273 17
1 15 0 -0.0358494425 0.2478482608 5478
1 15 1 0.2478482608 0.5315459641 5816
1 15 2 0.5315459641 0.8152436674 5315
1 15 3 0.8152436674 1.0989413707 2050
1 15 4 1.0989413707 1.3826390740 156
1 16 0 -0.2461502600 -0.1946830958 198
1 16 1 -0.1946830958 -0.1432159316 3028
1 16 2 -0.1432159316 -0.0917487674 6119
1 16 3 -0.0917487674 -0.0402816032 5434
1 16 4 -0.0402816032 0.0111855610 3863
1 16 5 0.0111855610 0.0626527252 160
1 16 6 0.0626527252 0.1141198894 13
1 17 0 0.0690718685 0.2603714227 3709
1 17 1 0.2603714227 0.4516709769 4435
1 17 2 0.4516709769 0.6429705311 6706
1 17 3 0.6429705311 0.8342700853 3707
1 17 4 0.8342700853 1.0255696395 257
1 17 5 1.0255696395 1.2168691937 1
1 18 0 0.0052423397 0.2531408217 3951
1 18 1 0.2531408217 0.5010393037 5202
1 18 2 0.5010393037 0.7489377857 5974
1 18 3 0.7489377857 0.9968362677 3514
1 18 4 0.9968362677 1.2447347497 173
1 18 5 1.2447347497 1.4926332317 1
1 19 0 -0.0197461560 0.1695516267 3973
1 19 1 0.1695516267 0.3588494094 6232
1 19 2 0.3588494094 0.5481471921 5397
1 19 3 0.5481471921 0.7374449748 2938
1 19 4 0.7374449748 0.9267427575 274
1 19 5 0.9267427575 1.1160405402 1
1 20 0 -0.2456369941 -0.1966255689 72
1 20 1 -0.1966255689 -0.1476141437 2624
1 20 2 -0.1476141437 -0.0986027185 6266
1 20 3 -0.0986027185 -0.0495912933 4838
1 20 4 -0.0495912933 -0.0005798681 4937
1 20 5 -0.0005798681 0.0484315571 74
1 20 6 0.0484315571 0.0974429823 4
1 21 0 -0.1378497732 -0.1070053382 240
1 21 1 -0.1070053382 -0.0761609032 3394
1 21 2 -0.0761609032 -0.0453164682 6244
1 21 3 -0.0453164682 -0.0144720332 6305
1 21 4 -0.0144720332 0.0163724018 2268
1 21 5 0.0163724018 0.0472168368 260
1 21 6 0.0472168368 0.0780612718 81
1 21 7 0.0780612718 0.1089057068 18
1 21 8 0.1089057068 0.1397501418 5
1 22 0 -0.0072996394 0.2616489002 4177
1 22 1 0.2616489002 0.5305974398 5513
1 22 2 0.5305974398 0.7995459794 5949
1 22 3 0.7995459794 1.0684945190 2937
1 22 4 1.0684945190 1.3374430586 238
1 22 5 1.3374430586 1.6063915982 1
1 23 0 -0.0136397228 0.0955136726 4693
1 23 1 0.0955136726 0.2046670680 5775
1 23 2 0.2046670680 0.3138204634 5556
1 23 3 0.3138204634 0.4229738588 2544
1 23 4 0.4229738588 0.5321272542 234
1 23 5 0.5321272542 0.6412806496 13
1 24 0 -0.2095259461 -0.1642747636 318
1 24 1 -0.1642747636 -0.1190235811 4319
1 24 2 -0.1190235811 -0.0737723986 5550
1 24 3 -0.0737723986 -0.0285212161 5745
1 24 4 -0.0285212161 0.0167299664 2812
1 24 5 0.0167299664 0.0619811489 51
1 24 6 0.0619811489 0.1072323314 19
1 24 7 0.1072323314 0.1524835139 1
1 25 0 -0.0388666198 0.2576817324 6511
1 25 1 0.2576817324 0.5542300846 5264
1 25 2 0.5542300846 0.8507784368 5659
1 25 3 0.8507784368 1.1473267890 1372
1 25 4 1.1473267890 1.4438751412 9
1 26 0 -0.1484616936 -0.1156154253 420
1 26 1 -0.1156154253 -0.0827691570 4376
1 26 2 -0.0827691570 -0.0499228887 5908
1 26 3 -0.0499228887 -0.0170766204 5293
1 26 4 -0.0170766204 0.0157696479 2781
1 26 5 0.0157696479 0.0486159162 33
1 26 6 0.0486159162 0.0814621845 4
1 27 0 -0.0297715836 0.1658982965 4818
1 27 1 0.1658982965 0.3615681766 5889
1 27 2 0.3615681766 0.5572380567 5166
1 27 3 0.5572380567 0.7529079368 2789
1 27 4 0.7529079368 0.9485778169 153
1 28 0 -0.0480461577 0.2146332144 6362
1 28 1 0.2146332144 0.4773125865 5553
1 28 2 0.4773125865 0.7399919586 5033
1 28 3 0.7399919586 1.0026713307 1791
1 28 4 1.0026713307 1.2653507028 75
1 28 5 1.2653507028 1.5280300749 1
1 29 0 -0.1473276049 -0.1203874844 94
1 29 1 -0.1203874844 -0.0934473639 1463
1 29 2 -0.0934473639 -0.0665072434 4369
1 29 3 -0.0665072434 -0.0395671229 6557
1 29 4 -0.0395671229 -0.0126270024 5385
1 29 5 -0.0126270024 0.0143131181 914
1 29 6 0.0143131181 0.0412532386 24
1 29 7 0.0412532386 0.0681933591 6
1 29 8 0.0681933591 0.0951334796 3
1 30 0 -0.2454749859 -0.1963076124 130
1 30 1 -0.1963076124 -0.1471402389 2837
1 30 2 -0.1471402389 -0.0979728654 5633
1 30 3 -0.0979728654 -0.0488054919 5535
1 30 4 -0.0488054919 0.0003618816 4669
1 30 5 0.0003618816 0.0495292551 11
1 31 0 -0.0199149339 0.1619934560 4381
1 31 1 0.1619934560 0.3439018459 5908
1 31 2 0.3439018459 0.5258102358 5565
1 31 3 0.5258102358 0.7077186257 2663
1 31 4 0.7077186257 0.8896270156 298
1 32 0 -0.0104258772 0.1657403335 3498
1 32 1 0.1657403335 0.3419065442 5885
1 32 2 0.3419065442 0.5180727549 5534
1 32 3 0.5180727549 0.6942389656 3593
1 32 4 0.6942389656 0.8704051763 301
1 32 5 0.8704051763 1.0465713870 4
1 33 0 -0.1613677882 -0.1280592465 141
1 33 1 -0.1280592465 -0.0947507048 2435
1 33 2 -0.0947507048 -0.0614421631 6527
1 33 3 -0.0614421631 -0.0281336214 5917
1 33 4 -0.0281336214 0.0051749203 3382
1 33 5 0.0051749203 0.0384834620 306
1 33 6 0.0384834620 0.0717920037 84
1 33 7 0.0717920037 0.1051005454 17
1 33 8 0.1051005454 0.1384090871 6
1 34 0 -0.0232814922 0.2685792302 5265
1 34 1 0.2685792302 0.5604399526 5561
1 34 2 0.5604399526 0.8523006750 5531
1 34 3 0.8523006750 1.1441613974 2224
1 34 4 1.1441613974 1.4360221198 229
1 34 5 1.4360221198 1.7278828422 5
1 35 0 -0.0075165788 0.2173919826 3907
1 35 1 0.2173919826 0.4423005440 5229
1 35 2 0.4423005440 0.6672091054 6060
1 35 3 0.6672091054 0.8921176668 3417
1 35 4 0.8921176668 1.1170262282 201
1 35 5 1.1170262282 1.3419347896 1
1 36 0 -0.0261313672 0.2413259293 5605
1 36 1 0.2413259293 0.5087832258 5153
1 36 2 0.5087832258 0.7762405223 5982
1 36 3 0.7762405223 1.0436978188 2027
1 36 4 1.0436978188 1.3111551153 48
1 37 0 -0.1207011971 -0.0977210695 23
1 37 1 -0.0977210695 -0.0747409419 1079
1 37 2 -0.0747409419 -0.0517608143 6029
1 37 3 -0.0517608143 -0.0287806867 5260
1 37 4 -0.0287806867 -0.0058005591 5770
1 37 5 -0.0058005591 0.0171795685 540
1 37 6 0.0171795685 0.0401596961 97
1 37 7 0.0401596961 0.0631398237 12
1 37 8 0.0631398237 0.0861199513 4
1 37 9 0.0861199513 0.1091000789 1
1 38 0 -0.0371929940 0.0381997127 8269
1 38 1 0.0381997127 0.1135924194 5463
1 38 2 0.1135924194 0.1889851261 3295
1 38 3 0.1889851261 0.2643778328 1504
1 38 4 0.2643778328 0.3397705395 273
1 38 5 0.3397705395 0.4151632462 11
1 39 0 -0.0132493565 0.2454689822 4596
1 39 1 0.2454689822 0.5041873209 5518
1 39 2 0.5041873209 0.7629056596 5958
1 39 3 0.7629056596 1.0216239983 2534
1 39 4 1.0216239983 1.2803423370 207
1 39 5 1.2803423370 1.5390606757 2
1 40 0 -0.1562570945 -0.1229554908 631
1 40 1 -0.1229554908 -0.0896538871 5040
1 40 2 -0.0896538871 -0.0563522834 5467
1 40 3 -0.0563522834 -0.0230506797 5904
1 40 4 -0.0230506797 0.0102509240 1733
1 40 5 0.0102509240 0.0435525277 35
1 40 6 0.0435525277 0.0768541314 5
1 41 0 -0.0272295082 0.2338777474 4422
1 41 1 0.2338777474 0.4949850030 5903
1 41 2 0.4949850030 0.7560922586 5888
1 41 3 0.7560922586 1.0171995142 2461
1 41 4 1.0171995142 1.2783067698 141
1 42 0 -0.1272766626 -0.0972411772 889
1 42 1 -0.0972411772 -0.0672056918 4777
1 42 2 -0.0672056918 -0.0371702064 5760
1 42 3 -0.0371702064 -0.0071347210 6006
1 42 4 -0.0071347210 0.0229007644 1203
1 42 5 0.0229007644 0.0529362498 141
1 42 6 0.0529362498 0.0829717352 27
1 42 7 0.0829717352 0.1130072206 11
1 42 9 0.1430427060 0.1730781914 1
1 43 0 -0.0172825926 0.1697788025 4549
1 43 1 0.1697788025 0.3568401976 5668
1 43 2 0.3568401976 0.5439015927 6063
1 43 3 0.5439015927 0.7309629878 2306
1 43 4 0.7309629878 0.9180243829 225
1 43 5 0.9180243829 1.1050857780 4
1 44 0 -0.3049003286 -0.2383399995 570
1 44 1 -0.2383399995 -0.1717796704 4261
1 44 2 -0.1717796704 -0.1052193413 5756
1 44 3 -0.1052193413 -0.0386590122 5573
1 44 4 -0.0386590122 0.0279013169 2647
1 44 5 0.0279013169 0.0944616460 8
1 45 0 -0.0533176917 0.2150796529 7029
1 45 1 0.2150796529 0.4834769975 5685
1 45 2 0.4834769975 0.7518743421 4692
1 45 3 0.7518743421 1.0202716867 1384
1 45 4 1.0202716867 1.2886690313 25
1 46 0 -0.0556255432 0.1733737028 8257
1 46 1 0.1733737028 0.4023729488 5169
1 46 2 0.4023729488 0.6313721948 4244
1 46 3 0.6313721948 0.8603714408 1121
1 46 4 0.8603714408 1.0893706868 24
1 47 0 -0.2249126806 -0.1773563090 107
1 47 1 -0.1773563090 -0.1297999374 2055
1 47 2 -0.1297999374 -0.0822435658 6158
1 47 3 -0.0822435658 -0.0346871942 5329
1 47 4 -0.0346871942 0.0128691774 4782
1 47 5 0.0128691774 0.0604255490 340
1 47 6 0.0604255490 0.1079819206 40
1 47 7 0.1079819206 0.1555382922 4
1 48 0 -0.1137802844 -0.0729828462 973
1 48 1 -0.0729828462 -0.0321854080 7550
1 48 2 -0.0321854080 0.0086120302 7302
1 48 3 0.0086120302 0.0494094684 1630
1 48 4 0.0494094684 0.0902069066 876
1 48 5 0.0902069066 0.1310043448 438
1 48 6 0.1310043448 0.1718017830 45
1 48 7 0.1718017830 0.2125992212 1
1 49 0 -0.2335822194 -0.1834054156 809
1 49 1 -0.1834054156 -0.1332286118 4405
1 49 2 -0.1332286118 -0.0830518080 5747
1 49 3 -0.0830518080 -0.0328750042 5955
1 49 4 -0.0328750042 0.0173017996 1896
1 49 5 0.0173017996 0.0674786034 2
1 49 6 0.0674786034 0.1176554072 1
1 50 0 -0.0222592469 0.2206691309 5713
1 50 1 0.2206691309 0.4635975087 5169
1 50 2 0.4635975087 0.7065258865 6013
1 50 3 0.7065258865 0.9494542643 1899
1 50 4 0.9494542643 1.1923826421 21
1 51 0 -0.1448312878 -0.1046255306 321
1 51 1 -0.1046255306 -0.0644197734 3530
1 51 2 -0.0644197734 -0.0242140162 7948
1 51 3 -0.0242140162 0.0159917410 5311
1 51 4 0.0159917410 0.0561974982 952
1 51 5 0.0561974982 0.0964032554 595
1 51 6 0.0964032554 0.1366090126 120
1 51 7 0.1366090126 0.1768147698 33
1 51 8 0.1768147698 0.2170205270 4
1 51 9 0.2170205270 0.2572262842 1
1 52 0 -0.1662911373 -0.1298641935 191
1 52 1 -0.1298641935 -0.0934372497 3406
1 52 2 -0.0934372497 -0.0570103059 5999
1 52 3 -0.0570103059 -0.0205833621 5865
1 52 4 -0.0205833621 0.0158435817 3035
1 52 5 0.0158435817 0.0522705255 270
1 52 6 0.0522705255 0.0886974693 38
1 52 7 0.0886974693 0.1251244131 11
1 53 0 -0.0026976608 0.2048431366 3315
1 53 1 0.2048431366 0.4123839340 5401
1 53 2 0.4123839340 0.6199247314 5987
1 53 3 0.6199247314 0.8274655288 3528
1 53 4 0.8274655288 1.0350063262 576
1 53 5 1.0350063262 1.2425471236 8
1 54 0 -0.0131863971 0.1817732065 4112
1 54 1 0.1817732065 0.3767328101 4947
1 54 2 0.3767328101 0.5716924137 6192
1 54 3 0.5716924137 0.7666520173 3424
1 54 4 0.7666520173 0.9616116209 140
1 55 0 -0.0424865738 0.2267994157 6252
1 55 1 0.2267994157 0.4960854052 5472
1 55 2 0.4960854052 0.7653713947 5199
1 55 3 0.7653713947 1.0346573842 1854
1 55 4 1.0346573842 1.3039433737 38
1 56 0 -0.1267714152 -0.0809466323 1637
1 56 1 -0.0809466323 -0.0351218494 7214
1 56 2 -0.0351218494 0.0107029335 7396
1 56 3 0.0107029335 0.0565277164 1371
1 56 4 0.0565277164 0.1023524993 859
1 56 5 0.1023524993 0.1481772822 281
1 56 6 0.1481772822 0.1940020651 53
1 56 7 0.1940020651 0.2398268480 4
1 57 0 -0.1642156091 -0.1320624797 187
1 57 1 -0.1320624797 -0.0999093503 2740
1 57 2 -0.0999093503 -0.0677562209 6385
1 57 3 -0.0677562209 -0.0356030915 5100
1 57 4 -0.0356030915 -0.0034499621 4249
1 57 5 -0.0034499621 0.0287031673 141
1 57 6 0.0287031673 0.0608562967 12
1 57 7 0.0608562967 0.0930094261 1
1 58 0 -0.1688745418 -0.1312237235 346
1 58 1 -0.1312237235 -0.0935729052 3999
1 58 2 -0.0935729052 -0.0559220869 6161
1 58 3 -0.0559220869 -0.0182712686 5463
1 58 4 -0.0182712686 0.0193795497 2653
1 58 5 0.0193795497 0.0570303680 170
1 58 6 0.0570303680 0.0946811863 22
1 58 7 0.0946811863 0.1323320046 1
1 59 0 -0.0311434809 0.2231412077 6172
1 59 1 0.2231412077 0.4774258963 5631
1 59 2 0.4774258963 0.7317105849 5248
1 59 3 0.7317105849 0.9859952735 1713
1 59 4 0.9859952735 1.2402799621 51
1 60 0 -0.0302353389 0.1791973028 4790
1 60 1 0.1791973028 0.3886299445 5763
1 60 2 0.3886299445 0.5980625862 5644
1 60 3 0.5980625862 0.8074952279 2432
1 60 4 0.8074952279 1.0169278696 186
1 61 0 -0.2746595809 -0.2204168707 91
1 61 1 -0.2204168707 -0.1661741605 2198
1 61 2 -0.1661741605 -0.1119314503 5772
1 61 3 -0.1119314503 -0.0576887401 5314
1 61 4 -0.0576887401 -0.0034460299 5261
1 61 5 -0.0034460299 0.0507966803 170
1 61 6 0.0507966803 0.1050393905 9
1 62 0 -0.2469407649 -0.1956834791 216
1 62 1 -0.1956834791 -0.1444261933 4033
1 62 2 -0.1444261933 -0.0931689075 5859
1 62 3 -0.0931689075 -0.0419116217 5057
1 62 4 -0.0419116217 0.0093456641 3645
1 62 5 0.0093456641 0.0606029499 5
1 63 0 -0.1429622021 -0.1039877615 161
1 63 1 -0.1039877615 -0.0650133209 4253
1 63 2 -0.0650133209 -0.0260388803 7035
1 63 3 -0.0260388803 0.0129355603 6024
1 63 4 0.0129355603 0.0519100009 704
1 63 5 0.0519100009 0.0908844415 374
1 63 6 0.0908844415 0.1298588821 173
1 63 7 0.1298588821 0.1688333227 69
1 63 8 0.1688333227 0.2078077633 19
1 63 9 0.2078077633 0.2467822039 3
1 64 0 -0.2283037240 -0.1797235977 297
1 64 1 -0.1797235977 -0.1311434714 3171
1 64 2 -0.1311434714 -0.0825633451 5948
1 64 3 -0.0825633451 -0.0339832188 5622
1 64 4 -0.0339832188 0.0145969075 3666
1 64 5 0.0145969075 0.0631770338 104
1 64 6 0.0631770338 0.1117571601 7
1 65 0 -0.2454188686 -0.1918769120 276
1 65 1 -0.1918769120 -0.1383349554 3384
1 65 2 -0.1383349554 -0.0847929988 5619
1 65 3 -0.0847929988 -0.0312510422 6149
1 65 4 -0.0312510422 0.0222909144 3216
1 65 5 0.0222909144 0.0758328710 118
1 65 6 0.0758328710 0.1293748276 41
1 65 7 0.1293748276 0.1829167842 12
1 66 0 -0.0078997993 0.1832497041 3510
1 66 1 0.1832497041 0.3743992075 5421
1 66 2 0.3743992075 0.5655487109 6362
1 66 3 0.5655487109 0.7566982143 3098
1 66 4 0.7566982143 0.9478477177 412
1 66 5 0.9478477177 1.1389972211 12
1 67 0 -0.0257022795 0.2333703420 5449
1 67 1 0.2333703420 0.4924429635 5665
1 67 2 0.4924429635 0.7515155850 5477
1 67 3 0.7515155850 1.0105882065 2130
1 67 4 1.0105882065 1.2696608280 94
1 68 0 -0.0333639236 0.0167047649 10123
1 68 1 0.0167047649 0.0667734534 4084
1 68 2 0.0667734534 0.1168421419 2998
1 68 3 0.1168421419 0.1669108304 1372
1 68 4 0.1669108304 0.2169795189 233
1 68 5 0.2169795189 0.2670482074 5
1 69 0 -0.0235408221 0.2304949668 5354
1 69 1 0.2304949668 0.4845307557 5931
1 69 2 0.4845307557 0.7385665446 5431
1 69 3 0.7385665446 0.9926023335 1903
1 69 4 0.9926023335 1.2466381224 195
1 69 5 1.2466381224 1.5006739113 1
1 70 0 -0.0116450473 0.2321539692 4620
1 70 1 0.2321539692 0.4759529857 5760
1 70 2 0.4759529857 0.7197520022 5532
1 70 3 0.7197520022 0.9635510187 2775
1 70 4 0.9635510187 1.2073500352 128
1 71 0 -0.1365268293 -0.1080873929 446
1 71 1 -0.1080873929 -0.0796479565 3154
1 71 2 -0.0796479565 -0.0512085201 6052
1 71 3 -0.0512085201 -0.0227690837 5854
1 71 4 -0.0227690837 0.0056703527 3184
1 71 5 0.0056703527 0.0341097891 88
1 71 6 0.0341097891 0.0625492255 29
1 71 7 0.0625492255 0.0909886619 8
1 72 0 -0.2810308591 -0.2244200184 291
1 72 1 -0.2244200184 -0.1678091777 3207
1 72 2 -0.1678091777 -0.1111983370 5660
1 72 3 -0.1111983370 -0.0545874963 5835
1 72 4 -0.0545874963 0.0020233444 3816
1 72 5 0.0020233444 0.0586341851 6
1 73 0 -0.1234517327 -0.0931715370 298
1 73 1 -0.0931715370 -0.0628913413 4271
1 73 2 -0.0628913413 -0.0326111456 6916
1 73 3 -0.0326111456 -0.0023309499 5968
1 73 4 -0.0023309499 0.0279492458 875
1 73 5 0.0279492458 0.0582294415 314
1 73 6 0.0582294415 0.0885096372 138
1 73 7 0.0885096372 0.1187898329 33
1 73 8 0.1187898329 0.1490700286 2
1 74 0 -0.2156574355 -0.1673223797 392
1 74 1 -0.1673223797 -0.1189873239 4570
1 74 2 -0.1189873239 -0.0706522681 6070
1 74 3 -0.0706522681 -0.0223172123 4996
1 74 4 -0.0223172123 0.0260178435 2690
1 74 5 0.0260178435 0.0743528993 95
1 74 6 0.0743528993 0.1226879551 2
1 75 0 -0.1252009107 -0.0880501346 493
1 75 1 -0.0880501346 -0.0508993585 4910
1 75 2 -0.0508993585 -0.0137485824 8073
1 75 3 -0.0137485824 0.0234021937 3974
1 75 4 0.0234021937 0.0605529698 825
1 75 5 0.0605529698 0.0977037459 312
1 75 6 0.0977037459 0.1348545220 177
1 75 7 0.1348545220 0.1720052981 42
1 75 8 0.1720052981 0.2091560742 9
1 76 0 -0.0221574488 0.2046765412 5088
1 76 1 0.2046765412 0.4315105312 5378
1 76 2 0.4315105312 0.6583445212 6166
1 76 3 0.6583445212 0.8851785112 2017
1 76 4 0.8851785112 1.1120125012 166
1 77 0 -0.2232185523 -0.1713944373 279
1 77 1 -0.1713944373 -0.1195703223 4667
1 77 2 -0.1195703223 -0.0677462073 5943
1 77 3 -0.0677462073 -0.0159220923 5347
1 77 4 -0.0159220923 0.0359020227 2327
1 77 5 0.0359020227 0.0877261377 236
1 77 6 0.0877261377 0.1395502527 16
1 78 0 -0.0380818411 0.2345336951 6672
1 78 1 0.2345336951 0.5071492313 5423
1 78 2 0.5071492313 0.7797647675 4900
1 78 3 0.7797647675 1.0523803037 1796
1 78 4 1.0523803037 1.3249958399 24
1 79 0 -0.2570834688 -0.2024964978 170
1 79 1 -0.2024964978 -0.1479095268 3456
1 79 2 -0.1479095268 -0.0933225558 5889
1 79 3 -0.0933225558 -0.0387355848 5518
1 79 4 -0.0387355848 0.0158513862 3655
1 79 5 0.0158513862 0.0704383572 124
1 79 6 0.0704383572 0.1250253282 3
1 80 0 -0.1897383479 -0.1329528654 618
1 80 1 -0.1329528654 -0.0761673829 6515
1 80 2 -0.0761673829 -0.0193819004 6781
1 80 3 -0.0193819004 0.0374035821 3564
1 80 4 0.0374035821 0.0941890646 854
1 80 5 0.0941890646 0.1509745471 445
1 80 6 0.1509745471 0.2077600296 37
1 80 7 0.2077600296 0.2645455121 1
1 81 0 -0.0193652101 0.2180932081 6000
1 81 1 0.2180932081 0.4555516263 5674
1 81 2 0.4555516263 0.6930100445 5116
1 81 3 0.6930100445 0.9304684627 1918
1 81 4 0.9304684627 1.1679268809 107
1 82 0 -0.1058401674 -0.0862631177 32
1 82 1 -0.0862631177 -0.0666860680 1412
1 82 2 -0.0666860680 -0.0471090183 5867
1 82 3 -0.0471090183 -0.0275319686 5540
1 82 4 -0.0275319686 -0.0079549189 5153
1 82 5 -0.0079549189 0.0116221308 788
1 82 6 0.0116221308 0.0311991805 16
1 82 7 0.0311991805 0.0507762302 3
1 82 8 0.0507762302 0.0703532799 2
1 82 9 0.0703532799 0.0899303296 2
1 83 0 -0.2716640794 -0.2162121847 124
1 83 1 -0.2162121847 -0.1607602900 2486
1 83 2 -0.1607602900 -0.1053083953 5479
1 83 3 -0.1053083953 -0.0498565006 5706
1 83 4 -0.0498565006 0.0055953941 4917
1 83 5 0.0055953941 0.0610472888 93
1 83 6 0.0610472888 0.1164991835 8
1 83 7 0.1164991835 0.1719510782 2
1 84 0 -0.0231437483 0.2050905904 6000
1 84 1 0.2050905904 0.4333249291 5816
1 84 2 0.4333249291 0.6615592678 5064
1 84 3 0.6615592678 0.8897936065 1876
1 84 4 0.8897936065 1.1180279452 59
1 85 0 -0.1731832432 -0.1370930795 326
1 85 1 -0.1370930795 -0.1010029158 4357
1 85 2 -0.1010029158 -0.0649127521 5961
1 85 3 -0.0649127521 -0.0288225884 5247
1 85 4 -0.0288225884 0.0072675753 2916
1 85 5 0.0072675753 0.0433577390 7
1 85 6 0.0433577390 0.0794479027 1
1 86 0 -0.1666997217 -0.1326184713 82
1 86 1 -0.1326184713 -0.0985372209 2155
1 86 2 -0.0985372209 -0.0644559705 4475
1 86 3 -0.0644559705 -0.0303747201 5544
1 86 4 -0.0303747201 0.0037065303 6310
1 86 5 0.0037065303 0.0377877807 218
1 86 6 0.0377877807 0.0718690311 30
1 86 7 0.0718690311 0.1059502815 1
1 87 0 -0.0235311755 0.2498761225 5889
1 87 1 0.2498761225 0.5232834205 4831
1 87 2 0.5232834205 0.7966907185 5898
1 87 3 0.7966907185 1.0700980165 2153
1 87 4 1.0700980165 1.3435053145 44
1 88 0 -0.1504082817 -0.1139127825 93
1 88 1 -0.1139127825 -0.0774172833 3123
1 88 2 -0.0774172833 -0.0409217841 6607
1 88 3 -0.0409217841 -0.0044262849 7001
1 88 4 -0.0044262849 0.0320692143 1313
1 88 5 0.0320692143 0.0685647135 473
1 88 6 0.0685647135 0.1050602127 167
1 88 7 0.1050602127 0.1415557119 31
1 88 8 0.1415557119 0.1780512111 7
1 89 0 -0.0167448736 0.2755249446 5770
1 89 1 0.2755249446 0.5677947628 5925
1 89 2 0.5677947628 0.8600645810 5104
1 89 3 0.8600645810 1.1523343992 1897
1 89 4 1.1523343992 1.4446042174 119
1 90 0 -0.0098211451 0.2142506948 3637
1 90 1 0.2142506948 0.4383225347 6239
1 90 2 0.4383225347 0.6623943746 5400
1 90 3 0.6623943746 0.8864662145 3128
1 90 4 0.8864662145 1.1105380544 399
1 90 5 1.1105380544 1.3346098943 12
1 91 0 -0.0144591673 0.2380053388 4942
1 91 1 0.2380053388 0.4904698449 5651
1 91 2 0.4904698449 0.7429343510 5711
1 91 3 0.7429343510 0.9953988571 2366
1 91 4 0.9953988571 1.2478633632 145
1 92 0 -0.1258257000 -0.0823978641 1156
1 92 1 -0.0823978641 -0.0389700282 5956
1 92 2 -0.0389700282 0.0044578077 8483
1 92 3 0.0044578077 0.0478856436 1762
1 92 4 0.0478856436 0.0913134795 1070
1 92 5 0.0913134795 0.1347413154 339
1 92 6 0.1347413154 0.1781691513 47
1 92 7 0.1781691513 0.2215969872 2
1 93 0 -0.2589821928 -0.2091452519 138
1 93 1 -0.2091452519 -0.1593083110 1417
1 93 2 -0.1593083110 -0.1094713701 5649
1 93 3 -0.1094713701 -0.0596344292 5311
1 93 4 -0.0596344292 -0.0097974883 5774
1 93 5 -0.0097974883 0.0400394526 514
1 93 6 0.0400394526 0.0898763935 12
1 94 0 -0.1592795230 -0.1231743206 556
1 94 1 -0.1231743206 -0.0870691182 3845
1 94 2 -0.0870691182 -0.0509639158 5764
1 94 3 -0.0509639158 -0.0148587134 6565
1 94 4 -0.0148587134 0.0212464890 1876
1 94 5 0.0212464890 0.0573516914 187
1 94 6 0.0573516914 0.0934568938 20
1 94 7 0.0934568938 0.1295620962 2
1 95 0 -0.0200751012 0.2784075972 5947
1 95 1 0.2784075972 0.5768902956 5694
1 95 2 0.5768902956 0.8753729940 5045
1 95 3 0.8753729940 1.1738556924 2047
1 95 4 1.1738556924 1.4723383908 82
1 96 0 -0.2306250047 -0.1824342094 112
1 96 1 -0.1824342094 -0.1342434141 1823
1 96 2 -0.1342434141 -0.0860526188 6136
1 96 3 -0.0860526188 -0.0378618235 5508
1 96 4 -0.0378618235 0.0103289718 4889
1 96 5 0.0103289718 0.0585197671 294
1 96 6 0.0585197671 0.1067105624 53
1 97 0 -0.2063931041 -0.1628934017 149
1 97 1 -0.1628934017 -0.1193936993 2983
1 97 2 -0.1193936993 -0.0758939969 5922
1 97 3 -0.0758939969 -0.0323942945 5395
1 97 4 -0.0323942945 0.0111054079 4213
1 97 5 0.0111054079 0.0546051103 134
1 97 6 0.0546051103 0.0981048127 19
1 98 0 -0.1492834559 -0.1198759798 206
1 98 1 -0.1198759798 -0.0904685037 4455
1 98 2 -0.0904685037 -0.0610610276 5835
1 98 3 -0.0610610276 -0.0316535515 5313
1 98 4 -0.0316535515 -0.0022460754 2977
1 98 5 -0.0022460754 0.0271614007 25
1 98 6 0.0271614007 0.0565688768 4
1 99 0 -0.0228840434 0.1922058347 4560
1 99 1 0.1922058347 0.4072957128 5205
1 99 2 0.4072957128 0.6223855909 6058
1 99 3 0.6223855909 0.8374754690 2818
1 99 4 0.8374754690 1.0525653471 172
1 99 5 1.0525653471 1.2676552252 2
1 100 0 -0.2294117051 -0.1789383166 362
1 100 1 -0.1789383166 -0.1284649281 4687
1 100 2 -0.1284649281 -0.0779915396 5834
1 100 3 -0.0779915396 -0.0275181511 5099
1 100 4 -0.0275181511 0.0229552374 2789
1 100 5 0.0229552374 0.0734286259 42
1 100 6 0.0734286259 0.1239020144 2
1 101 0 -0.2769346493 -0.2204028172 266
1 101 1 -0.2204028172 -0.1638709851 3202
1 101 2 -0.1638709851 -0.1073391530 5874
1 101 3 -0.1073391530 -0.0508073209 5521
1 101 4 -0.0508073209 0.0057245112 3949
1 101 5 0.0057245112 0.0622563433 3
1 102 0 -0.2258848627 -0.1780413877 213
1 102 1 -0.1780413877 -0.1301979127 3133
1 102 2 -0.1301979127 -0.0823544377 5807
1 102 3 -0.0823544377 -0.0345109627 5746
1 102 4 -0.0345109627 0.0133325123 3809
1 102 5 0.0133325123 0.0611759873 103
1 102 6 0.0611759873 0.1090194623 4
1 103 0 -0.0415267980 0.2336506731 6672
1 103 1 0.2336506731 0.5088281442 5502
1 103 2 0.5088281442 0.7840056153 4751
1 103 3 0.7840056153 1.0591830864 1820
1 103 4 1.0591830864 1.3343605575 70
1 104 0 -0.0215762802 0.2411598464 5678
1 104 1 0.2411598464 0.5038959730 5096
1 104 2 0.5038959730 0.7666320996 5781
1 104 3 0.7666320996 1.0293682262 2227
1 104 4 1.0293682262 1.2921043528 33
1 105 0 -0.0273261885 0.2723631852 5827
1 105 1 0.2723631852 0.5720525589 5397
1 105 2 0.5720525589 0.8717419326 5809
1 105 3 0.8717419326 1.1714313063 1705
1 105 4 1.1714313063 1.4711206800 77
1 106 0 -0.2473567315 -0.1950433414 228
1 106 1 -0.1950433414 -0.1427299513 3213
1 106 2 -0.1427299513 -0.0904165612 5643
1 106 3 -0.0904165612 -0.0381031711 5797
1 106 4 -0.0381031711 0.0142102190 3829
1 106 5 0.0142102190 0.0665236091 102
1 106 6 0.0665236091 0.1188369992 3
1 107 0 0.0393499730 0.2721799748 4003
1 107 1 0.2721799748 0.5050099766 5927
1 107 2 0.5050099766 0.7378399784 5374
1 107 3 0.7378399784 0.9706699802 3152
1 107 4 0.9706699802 1.2034999820 352
1 107 5 1.2034999820 1.4363299838 7
1 108 0 -0.0412806989 0.2119841508 6718
1 108 1 0.2119841508 0.4652490005 5451
1 108 2 0.4652490005 0.7185138502 4995
1 108 3 0.7185138502 0.9717786999 1612
1 108 4 0.9717786999 1.2250435496 39
1 109 0 -0.0177793013 0.1933756472 4880
1 109 1 0.1933756472 0.4045305957 5702
1 109 2 0.4045305957 0.6156855442 5313
1 109 3 0.6156855442 0.8268404927 2747
1 109 4 0.8268404927 1.0379954412 172
1 109 5 1.0379954412 1.2491503897 1
1 110 0 -0.0295606853 0.1989407472 6074
1 110 1 0.1989407472 0.4274421797 5527
1 110 2 0.4274421797 0.6559436122 5217
1 110 3 0.6559436122 0.8844450447 1959
1 110 4 0.8844450447 1.1129464772 38
1 111 0 -0.0257111475 0.0226325381 7351
1 111 1 0.0226325381 0.0709762237 5972
1 111 2 0.0709762237 0.1193199093 3836
1 111 3 0.1193199093 0.1676635949 1259
1 111 4 0.1676635949 0.2160072805 298
1 111 5 0.2160072805 0.2643509661 83
1 111 6 0.2643509661 0.3126946517 15
1 111 7 0.3126946517 0.3610383373 1
1 112 0 -0.0177788550 0.2796288554 5261
1 112 1 0.2796288554 0.5770365658 5481
1 112 2 0.5770365658 0.8744442762 5571
1 112 3 0.8744442762 1.1718519866 2390
1 112 4 1.1718519866 1.4692596970 112
1 113 0 -0.0277198346 0.2032478143 5725
1 113 1 0.2032478143 0.4342154632 4854
1 113 2 0.4342154632 0.6651831121 6168
1 113 3 0.6651831121 0.8961507610 2012
1 113 4 0.8961507610 1.1271184099 56
1 114 0 -0.1858377914 -0.1437337468 226
1 114 1 -0.1437337468 -0.1016297022 2813
1 114 2 -0.1016297022 -0.0595256576 5814
1 114 3 -0.0595256576 -0.0174216130 6589
1 114 4 -0.0174216130 0.0246824316 2907
1 114 5 0.0246824316 0.0667864762 309
1 114 6 0.0667864762 0.1088905208 120
1 114 7 0.1088905208 0.1509945654 30
1 114 8 0.1509945654 0.1930986100 7
1 115 0 -0.2449428189 -0.1918852343 228
1 115 1 -0.1918852343 -0.1388276497 2461
1 115 2 -0.1388276497 -0.0857700651 5614
1 115 3 -0.0857700651 -0.0327124805 6212
1 115 4 -0.0327124805 0.0203451041 3895
1 115 5 0.0203451041 0.0734026887 335
1 115 6 0.0734026887 0.1264602733 67
1 115 7 0.1264602733 0.1795178579 3
1 116 0 -0.1494585717 -0.1028841720 755
1 116 1 -0.1028841720 -0.0563097723 6096
1 116 2 -0.0563097723 -0.0097353726 7892
1 116 3 -0.0097353726 0.0368390271 2649
1 116 4 0.0368390271 0.0834134268 948
1 116 5 0.0834134268 0.1299878265 373
1 116 6 0.1299878265 0.1765622262 96
1 116 7 0.1765622262 0.2231366259 6
1 117 0 -0.2099960393 -0.1691620645 142
1 117 1 -0.1691620645 -0.1283280897 2875
1 117 2 -0.1283280897 -0.0874941149 5978
1 117 3 -0.0874941149 -0.0466601401 5345
1 117 4 -0.0466601401 -0.0058261653 4441
1 117 5 -0.0058261653 0.0350078095 34
1 118 0 -0.0283016387 0.1858028969 7145
1 118 1 0.1858028969 0.3999074325 5588
1 118 2 0.3999074325 0.6140119681 4598
1 118 3 0.6140119681 0.8281165037 1448
1 118 4 0.8281165037 1.0422210393 36
1 119 0 -0.0412317309 0.2180485612 5752
1 119 1 0.2180485612 0.4773288533 6091
1 119 2 0.4773288533 0.7366091454 4581
1 119 3 0.7366091454 0.9958894375 2179
1 119 4 0.9958894375 1.2551697296 209
1 119 5 1.2551697296 1.5144500217 3
1 120 0 -0.1626179293 -0.1226156003 571
1 120 1 -0.1226156003 -0.0826132713 4492
1 120 2 -0.0826132713 -0.0426109423 6124
1 120 3 -0.0426109423 -0.0026086133 6369
1 120 4 -0.0026086133 0.0373937157 895
1 120 5 0.0373937157 0.0773960447 312
1 120 6 0.0773960447 0.1173983737 51
1 120 7 0.1173983737 0.1574007027 1
1 121 0 -0.0307486284 0.2175989196 5779
1 121 1 0.2175989196 0.4659464676 5159
1 121 2 0.4659464676 0.7142940156 5780
1 121 3 0.7142940156 0.9626415636 2031
1 121 4 0.9626415636 1.2109891116 66
1 122 0 -0.1946843815 -0.1611805463 12
1 122 1 -0.1611805463 -0.1276767111 234
1 122 2 -0.1276767111 -0.0941728759 2010
1 122 3 -0.0941728759 -0.0606690407 6432
1 122 4 -0.0606690407 -0.0271652055 5577
1 122 5 -0.0271652055 0.0063386297 4308
1 122 6 0.0063386297 0.0398424649 159
1 122 7 0.0398424649 0.0733463001 56
1 122 8 0.0733463001 0.1068501353 22
1 122 9 0.1068501353 0.1403539705 5
1 123 0 -0.0301807225 0.1886631208 4589
1 123 1 0.1886631208 0.4075069641 5554
1 123 2 0.4075069641 0.6263508074 5681
1 123 3 0.6263508074 0.8451946507 2812
1 123 4 0.8451946507 1.0640384940 179
1 124 0 -0.2054731885 -0.1619754244 85
1 124 1 -0.1619754244 -0.1184776603 2426
1 124 2 -0.1184776603 -0.0749798962 6343
1 124 3 -0.0749798962 -0.0314821321 5385
1 124 4 -0.0314821321 0.0120156320 4254
1 124 5 0.0120156320 0.0555133961 251
1 124 6 0.0555133961 0.0990111602 66
1 124 7 0.0990111602 0.1425089243 5
1 125 0 -0.0226785887 0.2579772644 5657
1 125 1 0.2579772644 0.5386331175 5933
1 125 2 0.5386331175 0.8192889706 5005
1 125 3 0.8192889706 1.0999448237 2073
1 125 4 1.0999448237 1.3806006768 147
1 126 0 -0.2336257662 -0.1804482841 172
1 126 1 -0.1804482841 -0.1272708020 2702
1 126 2 -0.1272708020 -0.0740933199 6397
1 126 3 -0.0740933199 -0.0209158378 6033
1 126 4 -0.0209158378 0.0322616443 3072
1 126 5 0.0322616443 0.0854391264 358
1 126 6 0.0854391264 0.1386166085 79
1 126 7 0.1386166085 0.1917940906 2
1 127 0 -0.0178196015 0.2332123288 5236
1 127 1 0.2332123288 0.4842442591 5263
1 127 2 0.4842442591 0.7352761894 6024
1 127 3 0.7352761894 0.9863081197 2232
1 127 4 0.9863081197 1.2373400500 60
