inputId Score
9046 163.8069
9047 149.6990
9052 203.3564
9058 152.2789
9063 150.1570
9064 147.6027
9066 183.3220
9072 217.3782
9075 230.8581
9077 249.4136
9083 199.6970
9086 152.6143
9087 148.3096
9092 149.3056
9094 151.0849
9097 150.1443
9100 149.3894
9103 260.4125
9107 148.8851
9123 153.0511
9125 153.5083
9129 150.5855
9131 148.3051
9133 157.0981
9136 148.9895
9141 187.6781
9144 236.4661
9147 177.7826
9151 155.0443
9152 151.1406
9153 147.9091
9156 159.5616
9157 365.8506
9162 162.6475
9171 152.0069
9179 155.8023
9185 172.5905
9188 320.4156
9189 165.0291
9190 232.3431
9193 150.2060
9195 149.9593
9198 148.7502
9199 171.2506
9200 151.9118
9201 152.4794
9214 250.8090
9216 154.6115
9220 172.3945
9222 152.1775
9223 163.6432
9226 1199.7752
9235 150.8808
9241 236.3407
9243 190.2781
9246 454.8092
9247 159.8157
9251 150.8676
9252 215.9755
9261 280.8689
9263 207.6230
9265 226.9063
9266 183.9145
9267 234.8382
9276 190.2377
9277 249.8043
9285 149.9864
9287 152.1447
9289 153.2267
9290 165.7490
9291 187.2927
9292 160.8694
9293 178.1887
9296 149.7753
9299 148.3628
9301 152.4588
9306 379.1902
9312 149.1892
9316 369.1199
9326 312.1328
9327 156.2557
9328 164.9559
9332 160.4540
9336 245.0494
9339 151.3963
9341 165.4124
9343 167.8071
9348 229.7436
9350 286.3537
9355 4177.1602
9357 260.2597
9360 148.1326
9361 152.4857
9362 149.4766
9367 1799.7029
9369 152.2218
9371 334.8867
9373 165.3537
9378 147.4484
9381 214.2917
9382 150.8062
9383 167.6086
9389 2299.7061
9391 154.9386
9395 233.9544
9400 1035.8164
9402 1907.7270
9406 189.3102
9407 194.5851
9412 164.7977
9414 148.2367
9415 183.4587
9416 167.8455
9417 175.5294
9419 153.7919
9421 989.7932
9422 153.5095
9427 147.2185
9428 157.3837
9429 146.8270
9443 146.8270
9455 154.1193
9457 157.4333
9460 214.0379
9462 148.3670
9464 237.9892
9466 170.8448
9470 150.2938
9472 148.1056
9473 172.3565
9475 152.0069
9476 153.9091
9478 164.3741
9480 233.1535
9481 177.7520
9482 162.4227
9487 163.8662
9495 156.4059
9496 160.1046
9499 150.4212
9500 354.3591
9502 150.6512
9503 148.8072
9508 218.5208
9509 152.4572
9513 153.8358
9519 150.2231
9522 1618.2161
9524 148.1641
9527 3837.1259
9529 214.6741
9531 152.3567
9533 225.1206
9535 227.4315
9538 205.8848
9539 168.7030
9540 272.9658
9543 255.7200
9546 218.5020
9547 213.3207
9550 147.8442
9553 409.8121
9555 163.2369
9556 171.2031
9558 153.7712
9563 3482.2199
9564 148.6699
9566 151.9693
9567 168.0021
9578 149.9124
9583 152.6017
9586 149.9424
9589 158.6244
9592 148.5102
9593 225.3782
9598 1143.8034
9600 176.1962
9604 157.9907
9607 182.9990
9610 495.8102
9612 149.7605
9614 146.9026
9615 161.8396
9618 147.9670
9622 153.5307
9623 157.4753
9628 152.5941
9629 151.2980
9630 149.8765
9633 201.7315
9635 152.0425
9640 151.9104
9641 150.1741
9642 198.6178
9644 153.0224
9651 150.4434
9652 173.6981
9654 173.6173
9664 152.9702
9665 151.4570
9668 155.3128
9670 263.0409
9671 156.3518
9673 148.9818
9675 195.7978
9676 266.7703
9682 176.5065
9685 152.2034
9688 157.0760
9689 303.6470
9690 193.2688
9691 155.6604
9692 4208.7445
9694 163.3333
9696 152.2933
9705 150.4430
9708 168.5686
9709 174.8945
9713 151.9118
9714 153.2875
9715 239.0526
9716 160.4649
9717 244.7975
9718 287.1530
9719 151.0945
9720 156.0346
9722 149.8591
9723 150.9439
9724 162.5228
9728 151.6761
9729 151.3489
9732 170.1990
9738 152.1215
9739 367.2545
9742 215.8775
9744 149.5154
9747 161.8298
9753 248.8914
9766 189.4947
9767 225.6602
9770 151.9415
9772 167.7677
9773 187.0523
9774 160.8694
9781 150.7387
9784 191.9757
9791 273.6578
9793 149.9646
9794 297.9440
9795 148.3064
9798 215.9193
9802 240.8718
9810 163.8768
9813 158.8687
9827 194.1860
9834 219.9838
9835 153.6627
9838 152.2049
9842 315.7754
9849 149.2476
9850 180.5153
9851 150.7404
9855 748.8319
9857 148.4996
9861 187.1152
9866 205.0388
9870 210.4488
9877 152.6544
9880 201.0516
9882 148.3805
9886 156.7816
9892 178.4321
9895 148.4773
9897 178.8260
9901 149.9586
9904 151.4524
9908 149.1313
9910 195.4666
9912 215.1449
9913 149.1331
9914 284.5722
9915 151.0494
9916 171.3418
9917 151.9415
9918 276.4491
9927 152.9028
9930 153.3307
9933 151.0301
9934 190.8653
9938 152.7267
9939 1299.6893
9940 185.4237
9942 148.2504
9946 149.7679
9948 151.0127
9951 151.3915
9963 156.4667
9964 147.6435
9967 193.4216
9973 164.9878
9974 219.8796
9975 174.9748
9979 215.4206
9981 149.4304
9984 261.6583
9988 149.5144
10003 224.4601
10014 153.9473
10016 228.2016
10017 216.5479
10019 151.0815
10020 148.6650
10023 215.9338
10025 165.7125
10026 212.0399
10027 151.9118
10030 194.9443
10032 272.5887
10033 147.5662
10035 224.2071
10037 151.1318
10042 154.9254
10043 168.1098
10047 167.7364
10053 188.7402
10055 286.4029
10056 177.8171
10057 150.0847
10058 2039.4530
10059 168.6089
10061 4177.5182
10062 263.0827
10067 150.2283
10070 183.5555
10072 176.5246
10073 158.3321
10078 150.8092
10081 152.3507
10082 147.9496
10091 149.0002
10099 152.1721
10101 151.9228
10102 151.5493
10105 1153.2598
10110 309.4620
10115 189.4170
10122 217.7628
10123 147.9091
10124 174.6702
10125 153.0490
10127 146.9714
10129 192.4295
10131 229.5651
10146 152.9223
10154 198.9937
10157 168.3197
10168 536.6801
10169 152.9313
10180 162.7335
10181 150.3536
10184 264.7698
10185 151.0683
10188 162.1916
10197 177.5275
10198 164.9671
10199 199.6970
10208 147.9920
10209 151.0543
10211 155.1957
10216 162.7372
10217 147.7531
10229 150.2060
10230 179.2765
10232 148.3499
10235 150.3708
10237 148.5653
10238 158.5409
10240 151.3051
10252 213.2795
10254 148.2549
10259 156.3829
10262 220.1966
10264 149.6688
10266 1607.9885
10268 163.9496
10269 151.9118
10270 148.4549
10272 148.4168
10274 268.6664
10276 150.1865
10277 213.4103
10278 168.0333
10282 286.8163
10283 200.6735
10286 149.6912
10287 306.5137
10288 158.3786
10291 151.5849
10294 229.0372
10298 236.2604
10305 169.8564
10308 2746.8978
10309 220.0977
10313 150.3151
10326 146.7649
10327 214.3183
10331 166.6815
10333 159.1962
10335 194.2527
10339 168.7134
10340 161.1078
10347 148.3768
10348 178.1818
10354 225.9807
10356 241.5034
10362 163.1003
10365 163.0464
10366 154.9491
10369 756.9447
10372 151.1978
10373 164.7364
10381 369.0341
10383 157.8289
10384 235.9264
10388 209.6580
10392 369.8543
10393 149.7655
10397 159.6641
10398 280.6950
10405 166.5763
10413 167.5085
10416 191.2453
10423 154.9282
10428 152.7014
10432 157.8754
10433 150.3151
10436 152.4743
10441 152.4091
10442 169.5385
10444 167.7726
10445 174.0066
10448 152.6207
10449 150.8718
10455 164.5929
10456 156.6291
10458 179.8485
10460 154.5527
10465 155.4496
10467 154.8696
10474 160.2498
10475 164.3228
10476 151.1603
10479 154.0165
10483 228.6326
10486 152.6286
10489 2881.3231
10494 148.2314
10495 150.0697
10497 158.9010
10499 156.4835
10500 183.9145
10506 147.4361
10507 267.7478
10514 248.6633
10517 150.5264
10518 154.0877
10521 154.1472
10525 2608.4128
10531 235.2011
10536 150.5617
10538 337.3365
10542 198.0603
10554 147.9810
10555 256.2634
10557 154.1097
10559 149.5052
10568 204.8789
10570 158.7994
10575 149.1780
10576 152.6410
10578 147.3002
10579 1243.9566
10580 184.2283
10581 152.9776
10582 190.2538
10583 169.4854
10590 239.0526
10594 149.8563
10597 224.7644
10599 182.9130
10600 156.5199
10606 188.4270
10607 195.7166
10609 228.9778
10611 164.2200
10614 241.1016
10615 165.9902
10619 217.4869
10620 218.3513
10621 148.9145
10626 151.2922
10630 169.0630
10632 153.8896
10635 150.1900
10639 149.0080
10642 560.7993
10645 153.8574
10652 273.6833
10653 152.9959
10656 156.8056
10659 2225.0255
10662 170.1807
10665 291.9741
10666 166.3951
10667 149.9843
10668 196.6504
10670 159.7398
10672 154.4771
10674 184.5533
10677 177.0823
10687 160.1308
10691 157.2548
10692 155.7580
10703 150.0697
10708 3930.1235
10710 187.0277
10722 165.9414
10724 147.4119
10725 379.1902
10726 150.4148
10729 147.1637
10731 159.6325
10732 215.8924
10734 153.1011
10742 232.9631
10744 169.1535
10745 186.9971
10746 221.8873
10747 242.0066
10748 150.3430
10749 149.1165
10753 3357.8107
10754 225.3782
10756 201.7448
10757 208.5373
10763 241.5034
10764 162.4342
10766 154.1193
10767 216.6364
10769 150.8574
10772 1957.1022
10775 225.6973
10784 149.1456
10786 333.8813
10789 173.3019
10793 384.0822
10795 148.7624
10798 146.7719
10799 151.1736
10800 159.6056
10801 165.7909
10805 148.8496
10813 178.8976
10816 192.9254
10817 198.4543
10819 185.4355
10824 171.1219
10826 159.9926
10827 202.3686
10830 181.3788
10833 230.9520
10834 2336.9022
10837 3160.6207
10844 147.0311
10845 292.9854
10849 211.7376
10850 164.4222
10851 271.3106
10854 152.0899
10857 150.9708
10872 153.7149
10873 149.2664
10885 198.1319
10889 238.7074
10891 152.2582
10901 147.7328
10902 219.4228
10903 234.1700
10904 2776.3512
10905 218.0158
10906 266.6671
10909 198.1358
10914 179.5605
10919 153.8558
10920 1172.9161
10922 169.5389
10937 153.9609
10939 152.1031
10942 214.0788
10944 150.4014
10949 151.1603
10950 153.7255
10956 177.8720
10966 261.1561
10970 159.8518
10972 4035.4436
10977 1867.6071
10981 148.7790
10984 154.2991
10990 219.5643
10991 151.8171
10992 146.7021
10993 1136.8221
10994 160.4649
10997 150.0757
10999 170.1446
11000 174.6651
11003 150.6019
11005 266.3175
11006 153.6194
11011 153.1967
11016 158.9153
11020 150.8662
11026 239.9141
11031 149.2476
11032 150.1687
11033 274.8821
11035 178.3386
11036 176.0506
11038 149.0395
11042 150.1593
11046 153.8929
11047 147.8654
11048 151.7609
11049 155.4845
11053 153.3061
11055 153.1805
11057 159.9476
11063 150.0623
11068 161.3111
11069 216.4008
11072 152.4682
11073 263.5989
11080 170.6455
11082 150.7736
11083 249.7746
11085 166.3885
11095 151.8934
11102 166.3951
11104 157.4514
11106 151.6797
11107 180.0941
11109 282.7971
11111 1538.0427
11115 185.7845
11125 151.9253
11129 182.7678
11133 167.2131
11134 248.0857
11135 184.4254
11136 150.7370
11138 231.4217
11139 151.6750
11141 148.5825
11142 149.7999
11148 149.2054
11149 3907.9365
11159 307.8170
11161 217.6640
11162 194.4321
11170 160.1090
11182 151.4149
11184 149.4253
11186 183.0970
11189 151.2143
11192 171.5010
11193 217.2284
11197 307.4820
11198 153.5074
11208 154.4358
11209 2568.8374
11212 151.6960
11214 543.9014
11217 179.8754
11218 152.3464
11221 392.1362
11222 3810.5189
11225 241.5034
11233 147.9091
11234 156.4881
11239 157.1206
11241 150.3382
11243 217.2349
11249 234.5793
11250 223.3476
11253 152.1829
11261 212.8018
11264 151.9743
11267 264.1290
11271 4208.7445
11272 1788.2490
11283 151.3021
11284 151.9978
11285 179.0875
11286 3856.1929
11291 161.0727
11297 162.5187
11299 219.9838
11303 256.9984
11304 165.3190
11306 231.1294
11310 154.1472
11311 241.5542
11312 185.0324
11315 155.7992
11328 217.8618
11329 153.9322
11331 158.7727
11336 194.5479
11337 247.9886
11342 147.4754
11343 149.4283
11347 149.0619
11348 201.0951
11350 147.7286
11352 152.9927
11354 149.3362
11356 161.9377
11359 150.4393
11360 151.1150
11361 293.4104
11362 153.3850
11365 167.1105
11366 157.0793
11367 166.3951
11368 1699.1870
11379 189.7751
11383 158.9686
11385 153.4041
11387 157.3163
11388 211.1632
11389 148.4012
11398 250.8090
11401 2226.9746
11403 151.2089
11404 150.4754
11412 150.3547
11414 149.7479
11415 164.1762
11418 171.2172
11420 151.5397
11424 211.1764
11430 155.9483
11444 162.4684
11446 152.5420
11447 171.0126
11454 156.3359
11455 188.5614
11457 269.8876
11459 151.0902
11461 164.6403
11462 184.9502
11464 147.9134
11467 190.8926
11471 472.5053
11473 162.4878
11474 150.0936
11476 169.7596
11479 215.2747
11485 250.9807
11488 164.6331
11489 149.5568
11494 189.7751
11495 174.6989
11499 187.1306
11501 198.9937
11503 152.6791
11508 278.6885
11510 149.9864
11513 155.4909
11515 152.9073
11522 153.4225
11523 194.4582
11524 152.1590
11528 163.6114
11530 150.0411
11539 147.4232
11553 150.4671
11554 150.1480
11555 150.0370
11559 197.2621
11560 191.1277
11562 152.3701
11564 172.8076
11565 152.0230
11566 153.0192
11567 210.7463
11568 148.0739
11570 147.6978
11571 149.3533
11574 3045.0503
11575 147.0987
11579 156.7153
11581 242.4894
11593 235.7393
11594 167.4837
11595 157.0794
11609 151.7573
11610 199.6970
11612 156.6563
11621 148.9765
11624 1786.9372
11625 202.4256
11628 186.2843
11629 158.7780
11634 222.8286
11640 173.0857
11643 150.7215
11644 146.5607
11645 447.2685
11646 150.8664
11648 148.6989
11649 176.5963
11653 184.0342
11654 172.3962
11659 216.6364
11662 148.1938
11666 152.1739
11668 151.4111
11670 194.4172
11671 151.7476
11674 174.7138
11677 151.9927
11679 199.4092
11681 150.3977
11684 177.6542
11688 158.2616
11690 151.4570
11691 186.3735
11697 164.0811
11705 165.6830
11706 165.7064
11710 150.9637
11712 153.6890
11713 149.2419
11714 154.7553
11716 150.9393
11721 165.6924
11722 152.0512
11724 225.9807
11725 150.2219
11727 3540.3440
11732 148.8402
11740 151.7957
11743 165.7064
11744 151.9118
11746 198.3466
11748 233.4251
11749 149.0413
11753 151.7220
11755 149.4978
11758 305.5050
11763 214.1011
11764 150.2562
11765 185.4274
11766 149.2145
11772 148.9422
11775 151.1823
11776 305.3586
11780 150.2693
11782 191.8173
11785 425.9774
11788 245.1291
11791 183.4636
11792 193.5257
11795 151.5475
11798 160.5378
11803 147.8535
11804 310.2674
11807 160.3779
11809 166.7736
11815 195.4666
11817 215.0315
11820 150.8040
11824 186.9344
11825 162.2826
11826 149.7085
11828 153.1256
11831 159.9977
11833 151.9118
11835 154.2093
11837 152.8158
11839 199.7436
11847 150.8485
11848 163.2251
11852 3989.1087
11854 150.8461
11855 152.3701
11856 169.6774
11857 476.0967
11864 206.5405
11877 150.5024
11879 192.9286
11882 177.5661
11884 151.3594
11886 165.6994
11890 298.9351
11892 149.7973
11894 192.5679
11896 200.5746
11899 247.9206
11901 150.7349
11904 4211.5987
11911 205.7289
11912 151.6351
11913 172.9038
11915 155.7765
11917 153.6969
11922 234.4432
11924 379.7916
11931 212.8007
11932 250.6791
11934 150.1806
11936 264.7642
11947 546.2012
11954 326.9684
11955 153.4591
11960 152.3355
11964 149.4165
11965 228.4785
11966 151.9841
11969 233.6977
11970 1136.6119
11971 290.2411
11972 152.1734
11976 161.9248
11979 160.9655
11980 230.4450
11982 148.3051
11985 211.6204
11986 153.9322
11987 151.4355
11988 151.5256
11990 378.9871
11993 151.4930
11997 241.1947
12005 151.7361
12007 194.5851
12010 238.9251
12011 147.3796
12012 440.7837
12014 238.4108
12020 149.2154
12022 213.0329
12023 1645.4469
12025 149.2792
12031 154.2418
12043 154.3690
12044 152.4193
12050 150.6226
12052 148.0437
12059 149.9322
12060 301.4812
12061 264.7642
12065 196.8468
12066 149.1519
12068 242.4894
12073 165.8075
12074 149.5501
12077 172.3710
12078 166.1326
12079 271.3106
12084 243.7677
12086 154.5046
12089 149.9864
12091 149.7420
12092 1483.0263
12093 148.4556
12095 148.1590
12096 154.5517
12097 153.7092
12099 149.3071
12100 151.1224
12105 182.6566
12108 148.4852
12110 154.3406
12111 155.9409
12112 192.5022
12117 206.8166
12121 152.2560
12123 205.1118
12125 184.5548
12128 149.1709
12131 363.1253
12132 146.9202
12134 165.4124
12143 263.0827
12144 225.3511
12161 195.4666
12164 259.5992
12165 158.8991
12169 153.6317
12172 168.8923
12173 159.3883
12174 246.5359
12176 151.8171
12177 149.3512
12180 151.0414
12183 148.4267
12185 241.1613
12187 1337.2932
12188 343.8288
12194 241.5034
12201 150.4439
12203 152.2301
12209 151.8861
12213 155.0089
12216 203.4971
12218 162.1497
12220 151.0844
12232 153.5454
12235 151.9890
12236 156.8524
12237 191.7299
12239 156.2357
12243 154.5461
12248 150.9045
12252 178.7560
12255 155.6338
12256 150.0441
12257 4233.5261
12258 161.7058
12263 189.9243
12268 153.3824
12269 203.0225
12271 151.2994
12273 164.3624
12277 170.6465
12279 147.2095
12285 232.5923
12286 3155.2468
12287 151.6050
12289 147.7965
12290 153.1306
12300 152.4079
12311 150.3629
12313 157.4142
12317 151.8715
12320 149.7491
12326 173.8452
12327 230.9074
12329 233.1535
12333 154.9439
12335 188.9859
12336 168.4480
12338 159.3812
12341 153.2796
12351 252.0298
12352 160.0372
12356 810.8215
12360 161.9207
12365 288.3627
12366 173.2284
12371 148.4653
12373 790.9207
12376 150.5279
12377 158.8036
12387 157.8850
12399 151.3123
12402 154.7887
12405 211.0749
12407 165.9902
12409 192.6664
12410 220.0641
12414 172.3136
12415 149.1533
12416 149.9864
12417 445.6891
12418 247.2979
12423 151.8633
12426 148.9477
12427 150.6226
12431 163.5182
12440 150.0697
12441 279.5349
12442 2414.4932
12451 152.8095
12453 155.9767
12455 152.3289
12460 793.8352
12462 159.1721
12464 155.9466
12466 150.7128
12469 197.1146
12471 183.3948
12473 343.4174
12480 247.0676
12481 223.1823
12482 151.3192
12484 153.0162
12489 753.6060
12491 257.5195
12493 173.5172
12494 197.6696
12497 193.0501
12503 356.2588
12507 196.6584
12508 153.2297
12512 170.1628
12514 158.2433
12515 177.8369
12516 150.1675
12518 166.3951
12521 148.8811
12524 146.8270
12526 201.7402
12530 226.4007
12533 149.0144
12535 149.2145
12539 149.8443
12540 150.5757
12542 167.5294
12548 214.0761
12549 186.1564
12550 152.8745
12557 183.5625
12559 179.3995
12560 4156.0904
12561 149.2751
12564 149.0398
12576 174.0416
12577 239.2483
12580 267.1078
12585 152.2913
12588 154.1584
12591 150.8964
12593 154.7425
12595 149.7918
12597 151.9229
12598 379.2567
12600 2424.3923
12604 337.7180
12605 151.8370
12610 198.1999
12616 153.6906
12621 149.0366
12630 330.5712
12631 149.8327
12639 151.7691
12642 148.8154
12646 153.4656
12649 147.3297
12653 151.4248
12654 151.5404
12657 229.6032
12661 149.7943
12667 151.2853
12670 147.9057
12674 161.7750
12675 158.8482
12677 210.7385
12681 150.6332
12685 161.4264
12693 157.0255
12696 166.3951
12697 546.9859
12704 173.0684
12707 266.9683
12710 151.4119
12711 151.3399
12715 228.2534
12718 193.6385
12719 158.9028
12720 544.5632
12729 3442.9056
12732 266.5117
12739 153.7683
12745 151.6795
12748 250.9342
12756 3718.3542
12757 171.6379
12760 253.6734
12762 235.3832
12764 3653.7189
12765 192.0102
12768 194.5961
12776 147.8814
12782 226.3566
12783 207.9364
12796 154.1375
12800 149.2507
12802 183.8574
12803 170.3326
12804 152.6182
12809 160.6694
12810 214.0788
12815 761.4749
12819 151.0607
12821 149.3698
12822 159.6004
12828 511.0499
12830 210.4999
12833 150.2649
12835 3159.4509
12837 155.7903
12840 182.2277
12843 202.8323
12844 151.5572
12845 153.1771
12849 233.7839
12851 149.1798
12852 187.8294
12858 708.4718
12859 172.5905
12860 231.6443
12861 150.6220
12864 151.4570
12869 153.2327
12875 301.6376
12876 158.4394
12878 150.0794
12881 150.8613
12885 158.9007
12887 150.9285
12893 180.4195
12894 149.9228
12895 153.9538
12896 153.6148
12900 148.9224
12904 159.9778
12905 180.9414
12906 263.8251
12913 148.2796
12920 162.8555
12923 186.8026
12924 2479.8810
12926 242.4894
12935 152.2585
12936 149.9344
12938 224.2853
12939 175.8417
12940 254.5379
12943 148.7456
12946 148.3973
12947 151.6478
12949 316.8977
12959 150.2956
12964 175.2957
12966 226.8739
12967 150.1757
12968 3710.0974
12971 212.5926
12985 182.4099
12986 266.7703
12987 150.3954
12991 148.3676
12992 234.1700
12993 154.5045
13000 4181.2149
13001 1606.8491
13002 177.1025
13007 232.4938
13008 150.4121
13011 435.3010
13019 195.3870
13020 150.0674
13021 197.8463
13029 157.2761
13030 151.2711
13031 150.7305
13033 171.2490
13044 152.2216
13049 149.1435
13050 175.8792
13053 199.4589
13059 186.9010
13061 148.1647
13070 147.1555
13074 150.1954
13077 262.3224
13078 194.0829
13080 153.2380
13081 191.0933
13084 165.5596
13085 147.1006
13086 172.1358
13087 156.4437
13088 185.7721
13089 152.1124
13090 159.9058
13091 151.9415
13093 3942.4552
13096 160.6175
13099 228.8886
13100 150.5953
13103 212.7612
13104 481.7696
13113 152.1427
13117 262.9077
13118 149.1499
13125 156.5483
13129 1200.1060
13145 150.0768
13147 202.6835
13151 152.9046
13156 154.1193
13161 251.2522
13164 3888.6848
13165 188.0388
13172 188.8880
13176 388.7879
13177 195.4666
13180 150.8877
13182 200.5746
13185 168.8099
13196 151.9857
13200 231.9363
13201 197.5904
13204 269.1428
13206 148.6358
13210 150.4855
13211 153.1646
13214 265.9466
13215 188.5067
13216 151.4570
13221 1272.8838
13222 160.5864
13224 151.7735
13226 157.7725
13230 154.0236
13232 264.6633
13236 149.7880
13238 173.1837
13239 150.5929
13240 148.0818
13244 183.9145
13246 180.2324
13247 147.2087
13248 148.8308
13249 269.2154
13263 153.1838
13264 151.3093
13266 4213.8671
13268 170.2779
13275 216.2609
13278 151.2140
13280 297.6747
13286 151.2854
13287 149.5356
13296 152.9874
13298 150.7248
13300 253.5648
13303 157.1604
13305 180.0519
13306 174.0796
13308 152.2146
13315 150.2921
13318 152.1191
13323 148.0417
13325 148.8551
13329 205.0766
13331 149.7717
13336 150.8901
13337 228.5442
13340 188.0388
13349 148.6661
13352 153.1063
13353 148.9881
13362 146.4165
13364 152.0504
13366 155.7837
13367 162.1069
13368 219.4976
13372 150.6304
13376 150.1594
13377 149.1145
13378 153.4222
13380 152.7797
13384 149.4798
13385 187.9699
13388 149.1519
13389 153.4701
13390 191.9757
13393 151.4570
13398 1068.9892
13404 189.4996
13406 148.8142
13407 155.0955
13408 153.9073
13410 152.8586
13413 152.0776
13416 157.6715
13417 223.3070
13424 193.1646
13428 150.6820
13436 203.1384
13439 228.7344
13440 152.3063
13441 210.4882
13442 152.1152
13447 148.5622
13448 160.6979
13450 150.4920
13455 215.8782
13463 149.7417
13465 152.2121
13468 152.4714
13473 154.6267
13476 149.2531
13478 210.9918
13479 148.3065
13484 166.0931
13493 151.9646
13496 158.2602
13500 231.1294
13506 154.9691
13514 185.8826
13515 150.9269
13517 213.5810
13518 149.9401
13528 152.7838
13533 159.7099
13536 151.8581
13537 153.8131
13540 154.8870
13542 169.6161
13545 149.7340
13549 214.5872
13553 173.4918
13556 151.4915
13563 231.4217
13564 242.0307
13567 231.4217
13569 149.3455
13576 158.0977
13577 152.2353
13582 184.5533
13583 346.5911
13584 146.7879
13585 253.1401
13586 152.5584
13589 312.4555
13594 150.3151
13595 150.8980
13596 166.8381
13598 179.5424
13607 147.7315
13614 159.3258
13615 263.0827
13616 164.2400
13620 150.2506
13623 309.9986
13625 170.0057
13626 238.9969
13628 149.3509
13633 149.3399
13637 153.3818
13645 184.0800
13646 152.2979
13647 336.6537
13649 173.4683
13652 151.2973
13653 155.4909
13656 266.7622
13658 153.8670
13660 190.8926
13662 160.0895
13667 155.0371
13670 148.8832
13674 148.3109
13675 246.4212
13676 162.7705
13680 147.0966
13683 150.2048
13684 273.4425
13687 152.8158
13688 3543.0034
13693 164.4210
13696 311.9670
13697 153.6177
13698 161.8125
13699 150.8290
13700 209.9000
13702 209.1622
13710 156.3207
13715 169.1791
13720 164.9671
13722 148.0446
13723 3597.6494
13724 150.4502
13731 153.9322
13734 150.0390
13735 163.2513
13736 183.3504
13737 197.4873
13738 233.4911
13740 166.3951
13745 149.4081
13749 146.8706
13750 198.8656
13751 165.4683
13753 197.4192
13754 149.8910
13756 155.9488
13758 159.8014
13759 172.7190
13760 149.0350
13762 152.4431
13763 202.2775
13765 360.7968
13766 150.0767
13769 150.6227
13771 151.4570
13772 146.9714
13774 149.2810
13776 155.9167
13778 160.3135
13783 217.8894
13785 155.0401
13789 2909.0301
13799 234.2461
13801 150.9961
13806 155.3011
13809 373.0554
13810 151.1615
13811 152.8252
13812 152.7019
13813 163.2399
13816 152.1983
13823 151.5113
13825 184.7024
13827 149.6955
13832 214.9754
13837 207.4112
13838 152.2704
13841 286.8890
13843 149.8646
13845 161.4083
13846 163.4388
13848 151.2177
13851 150.6229
13855 153.9137
13858 148.1445
13860 152.3557
13861 157.7888
13862 200.1199
13863 155.0076
13864 153.1603
13867 149.7938
13870 148.5358
13872 151.1902
13873 159.0172
13874 234.0358
13875 151.0198
13876 153.8563
13877 259.5992
13881 183.9346
13883 155.7810
13884 152.2479
13895 153.0865
13900 169.2626
13903 174.4233
13906 3192.7734
13911 194.0605
13912 151.0920
13913 178.9079
13915 194.0615
13920 150.0913
13921 167.9313
13924 151.3187
13927 162.0720
13929 154.2588
13933 202.9608
13935 154.8646
13937 154.2837
13938 157.3249
13939 151.5148
13940 415.1270
13942 172.2906
13944 153.0036
13950 152.1564
13957 150.2910
13958 153.1380
13959 234.1700
13961 192.1865
13963 152.1274
13965 157.0793
13968 150.6166
13969 167.5922
13972 238.8503
13973 149.5858
13975 148.8348
13976 150.0769
13981 3170.0735
13983 154.6143
13988 146.6210
13991 155.4165
13994 150.5147
13995 644.0136
13997 252.3969
14004 284.9326
14006 146.9714
14012 357.8975
14021 148.3357
14026 230.1229
14027 294.9405
14028 384.0822
14029 148.0232
14031 148.9700
14032 163.6432
14039 149.9864
14040 152.3552
14045 961.7478
14051 148.7338
14053 168.9084
14055 295.3575
14057 191.2385
14058 263.6334
14060 177.7520
14062 149.6973
14072 161.2521
14073 211.6756
14075 192.6473
14076 155.8573
14084 167.1419
14086 153.5027
14088 151.5273
14089 150.8445
14093 155.0182
14094 201.0253
14096 149.3471
14098 172.2164
14102 150.4269
14113 150.3722
14119 163.9292
14120 209.9661
14128 160.3222
14131 220.4341
14136 160.3729
14139 167.9423
14140 168.5357
14144 153.8929
14146 174.6257
14148 149.4166
14149 162.3787
14151 160.5592
14152 176.0894
14153 148.2796
14154 151.9200
14156 264.1399
14157 151.7901
14160 229.4400
14161 221.6297
14163 173.7194
14164 152.7471
14165 151.4570
14173 154.9149
14177 149.5014
14179 149.7933
14181 151.9912
14186 566.7984
14187 152.0354
14190 200.4403
14197 148.1535
14200 222.1411
14205 150.1065
14207 176.0232
14208 151.6278
14212 223.0514
14215 149.2153
14218 146.8270
14225 149.8666
14232 176.0327
14240 162.6016
14244 149.1878
14245 151.3203
14248 149.4878
14250 177.9409
14253 160.7899
14263 154.7699
14266 152.3289
14268 173.6996
14271 151.4820
14280 162.5417
14281 151.5709
14282 1229.6697
14288 148.0909
14290 194.8885
14293 156.1661
14294 169.0764
14306 4212.7381
14307 146.9130
14308 3329.7813
14309 152.1094
14318 4152.9838
14323 164.3193
14324 156.0985
14328 2267.4424
14329 149.2810
14331 152.9338
14332 152.3426
14333 150.1063
14335 148.2357
14338 4231.1934
14340 798.8151
14343 151.4570
14344 166.4240
14349 154.2012
14352 153.1234
14362 149.4396
14363 2493.1414
14369 158.5574
14371 336.5150
14372 155.2780
14377 222.1411
14384 223.0514
14386 2437.4273
14388 150.8471
14394 149.6564
14396 349.1544
14397 161.2797
14398 211.8505
14406 229.3225
14409 149.8798
14410 157.2333
14414 196.3010
14415 148.8535
14418 182.0295
14421 167.2354
14422 154.1793
14423 162.8800
14424 151.6475
14425 149.8625
14427 153.4701
14429 155.2043
14438 150.3985
14440 159.9081
14443 149.3071
14445 198.1660
14446 208.3845
14449 163.6333
14451 269.4803
14455 168.1452
14457 251.9770
14463 150.0913
14465 169.3870
14467 238.8565
14471 4208.7445
14475 161.7098
14487 199.9761
14488 246.1804
14491 150.5024
14492 149.6147
14494 154.1472
14497 153.2552
14498 157.3252
14500 199.4765
14502 151.5882
14507 223.1222
14509 236.2128
14513 150.0262
14516 259.4249
14520 156.3348
14524 157.3783
14526 149.3623
14529 153.9981
14531 149.5994
14532 232.7382
14533 149.4547
14534 154.9206
14535 158.3238
14541 198.4461
14542 243.7153
14551 149.9094
14552 3250.0224
14554 210.3956
14555 343.5774
14558 149.5779
14561 154.0382
14563 855.1151
14568 203.6703
14572 150.3937
14573 148.5523
14574 181.6314
14578 222.0343
14580 225.3782
14581 157.3083
14584 423.1299
14586 150.9703
14587 256.2634
14589 3885.9430
14590 225.9443
14595 146.8595
14598 250.9807
14599 153.0499
14601 148.7029
14605 216.6768
14609 148.7521
14612 1118.2393
14615 382.3599
14617 1809.6586
14618 265.0232
14620 1833.0597
14622 154.6690
14624 148.3943
14628 164.1772
14630 263.0827
14636 160.7752
14641 150.2293
14642 159.0172
14648 192.7391
14649 150.8623
14651 162.3053
14660 161.7158
14665 153.8834
14666 570.5654
14667 213.0329
14676 180.5079
14677 155.3380
14678 229.5808
14679 152.1074
14681 149.1878
14683 162.2529
14684 179.9125
14685 148.1301
14689 154.8532
14693 159.4971
14697 267.7382
14698 291.5176
14699 153.0053
14700 271.9716
14701 176.5634
14703 157.4423
14707 154.3914
14710 153.7737
14711 150.7587
14713 233.6535
14715 162.1479
14722 152.2218
14723 159.3883
14727 192.8126
14730 212.6834
14731 246.2846
14733 158.2278
14735 204.3351
14743 161.8298
14745 152.3784
14751 4141.4956
14752 184.8948
14754 182.1705
14759 180.8643
14762 158.0164
14768 197.1146
14771 163.2925
14780 175.9602
14781 152.5980
14783 148.0772
14786 214.1444
14787 294.5981
14788 150.8223
14789 302.6455
14792 147.1478
14794 149.0060
14798 149.2046
14799 191.4430
14803 215.8933
14807 247.0267
14809 159.8726
14810 152.9111
14811 241.5034
14812 306.6872
14815 150.8322
14819 247.8877
14822 149.3461
14828 2428.1367
14830 288.4321
14831 151.3021
14835 153.4935
14836 174.3595
14844 150.3470
14846 153.6976
14847 184.1736
14848 259.0577
14850 157.1136
14856 150.8768
14860 155.2897
14861 151.5759
14866 154.7518
14868 340.9247
14869 151.9727
14873 207.9734
14877 193.6312
14878 377.6425
14882 158.6649
14884 166.0798
14888 149.6022
14892 153.4891
14900 1605.0830
14906 248.2367
14907 215.2795
14914 165.4111
14915 202.7136
14917 147.4125
14919 212.9530
14920 399.1839
14922 149.2267
14923 171.9886
14925 163.1003
14926 153.7314
14933 271.4205
14934 149.4563
14943 409.0252
14945 149.0940
14954 151.9118
14955 148.7316
14959 160.1948
14962 161.9714
14963 153.3386
14965 196.8874
14969 159.1685
14970 147.4251
14971 221.3242
14973 177.3359
14978 3661.4731
14980 149.7650
14983 211.9359
14984 149.9271
14985 153.2950
14987 1732.8625
14988 215.8775
14990 160.6375
15002 149.4401
15003 247.2979
15007 149.8339
15008 149.7439
15012 163.0422
15014 417.8183
15015 3861.0797
15016 155.2446
15018 153.4701
15019 150.5339
15020 266.7703
15021 148.3793
15024 173.6424
15025 223.7776
15026 177.7556
15032 150.1115
15036 150.0208
15037 151.3187
15043 156.0453
15044 152.9245
15048 177.3550
15054 219.1659
15055 248.8482
15057 149.2202
15061 178.6103
15064 162.6037
15067 150.4726
15070 155.0523
15071 154.0717
15073 230.9590
15074 149.4281
15076 197.5155
15081 151.9040
15083 177.6596
15085 152.3425
15088 212.2855
15090 152.2587
15093 151.3903
15094 439.9758
15099 153.2840
15102 151.6521
15109 219.0490
15111 1381.0185
15113 172.6543
15116 154.6949
15121 149.7582
15125 150.6720
15132 148.8566
15135 2715.5150
15137 149.8858
15142 242.3539
15143 175.5548
15147 156.2908
15148 169.4228
15149 413.0641
15154 210.5582
15155 226.9958
15164 149.9727
15167 151.0034
15171 152.6646
15174 152.1927
15176 217.6640
15181 237.2303
15182 151.5750
15183 148.9161
15186 146.3853
15187 153.0162
15189 3493.6417
15192 164.8454
15198 153.9074
15199 2151.1583
15203 150.4723
15204 148.4925
15207 150.6475
15208 160.8694
15214 148.7332
15215 155.3596
15217 151.3309
15221 148.4675
15222 268.7073
15224 150.1985
15225 184.0342
15228 167.9877
15230 229.9922
15231 148.7786
15235 159.6558
15236 259.5257
15237 150.3400
15244 150.2114
15247 215.3533
15251 148.9121
15257 181.8204
15262 152.0093
15264 150.4093
15266 150.0264
15267 164.0873
15270 150.6054
15277 214.0415
15278 176.0756
15280 204.8930
15281 150.3055
15282 152.3008
15285 152.8411
15290 234.8992
15291 151.9876
15292 152.6388
15293 157.6283
15294 149.4713
15300 210.7093
15301 151.3819
15303 156.2351
15305 150.9393
15306 148.9344
15310 149.4299
15311 150.2944
15317 160.1432
15324 146.9202
15325 151.6543
15326 150.8883
15336 166.2107
15338 194.5479
15339 152.7518
15340 151.3819
15344 155.7433
15346 587.7551
15351 308.5448
15353 171.9359
15355 162.8145
15359 159.3148
15360 153.3967
15361 159.4032
15362 151.1996
15376 152.3208
15377 148.6841
15386 159.5243
15389 159.9867
15390 148.0978
15396 162.8764
15401 170.3624
15402 153.9473
15405 158.0335
15407 151.5916
15408 151.2880
15414 631.6820
15415 148.4600
15417 191.2126
15419 176.5129
15420 161.2986
15421 158.5543
15422 225.9807
15424 155.8690
15429 151.8702
15435 148.4408
15438 202.2574
15439 148.9508
15442 153.8764
15443 165.1214
15445 281.8455
15447 236.2604
15450 151.5472
15451 156.0548
15454 162.6293
15455 225.3782
15458 159.4335
15461 1644.6838
15463 158.0475
15466 166.2734
15468 170.9511
15472 147.6928
15474 154.9951
15475 168.1166
15479 151.5887
15481 151.6728
15482 188.1054
15483 178.5809
15486 183.0352
15492 378.1958
15494 151.7488
15495 168.2968
15500 149.2573
15503 157.6172
15505 148.2305
15508 270.8984
15509 197.2621
15512 243.7153
15513 154.8706
15516 154.1043
15517 156.1491
15518 965.8925
15519 152.0457
15520 239.2621
15523 151.5684
15526 149.4841
15542 151.8452
15545 150.7114
15550 151.9407
15554 151.2418
15557 171.1219
15565 260.5958
15568 149.2879
15574 152.9874
15577 212.0214
15590 155.8975
15591 165.2348
15593 227.1271
15594 163.4928
15600 2787.9090
15602 160.1464
15603 151.2483
15614 212.4615
15616 152.1180
15618 212.4457
15621 154.9986
15626 156.8026
15627 341.5218
15631 149.0379
15632 154.4351
15642 152.2999
15643 191.4430
15649 161.8298
15650 176.7040
15651 168.3914
15654 391.8441
15658 151.0543
15662 2478.1322
15672 176.0759
15678 295.3575
15679 473.4766
15694 202.1586
15699 153.1947
15702 243.7153
15705 149.4906
15706 197.2621
15710 150.7988
15711 270.9244
15715 167.7775
15716 242.4894
15724 151.1151
15733 370.7929
15735 150.9548
15737 200.4531
15739 215.9614
15741 216.7796
15743 150.0221
15744 684.6159
15746 169.7093
15753 162.5151
15754 204.6692
15757 152.3867
15759 163.5545
15760 148.1282
15763 199.7532
15765 151.1287
15770 157.8786
15771 149.9864
15774 153.9039
15775 170.7066
15782 155.3517
15789 154.9001
15790 254.6289
15793 421.3416
15794 164.6403
15798 149.3677
15805 196.7281
15810 150.0321
15812 164.8661
15819 148.6053
15822 246.4620
15828 159.7428
15838 152.9313
15839 184.9186
15840 203.1487
15841 157.9120
15846 216.1525
15847 154.7537
15848 152.0347
15851 224.0469
15855 1290.0078
15856 148.7983
15860 151.3290
15865 326.5718
15868 460.2025
15871 154.5461
15872 242.4894
15874 156.1974
15879 155.8326
15880 152.7791
15887 199.5210
15894 336.9374
15895 148.3065
15896 160.7197
15897 172.0754
15902 153.0152
15904 156.9296
15908 200.1839
15909 180.6547
15913 154.9838
15920 150.5024
15925 255.7621
15926 156.2863
15927 149.9676
15931 165.4125
15933 157.4138
15935 148.6108
15945 162.3713
15946 237.6966
15949 160.5634
15951 2482.5782
15957 191.9757
15961 263.0827
15962 152.5997
15964 163.1760
15968 260.6663
15970 151.6968
15971 171.9583
15982 173.9504
15989 150.7523
15991 153.1247
15994 190.8926
15996 150.8363
16001 281.5403
16003 152.3939
16010 179.1613
16015 3720.6279
16020 171.9897
16022 248.0115
16024 150.8422
16027 1771.3029
16032 148.1472
16035 183.7258
16038 151.2206
16039 153.8676
16041 308.7218
16043 149.9404
16046 150.1890
16051 149.2114
16052 150.2518
16053 177.7326
16058 157.2186
16059 206.0664
16061 151.6926
16064 169.2731
16068 149.6321
16073 149.8661
16075 152.9325
16079 179.2246
16080 155.1812
16081 149.2925
16084 183.7407
16085 373.2364
16088 158.6409
16089 154.8866
16094 161.3882
16101 236.5886
16102 146.7879
16103 190.9129
16105 372.7173
16106 149.8299
16110 164.0891
16120 4208.7445
16124 988.4448
16126 261.2350
16128 146.9714
16129 174.5799
16136 151.4620
16142 151.7382
16144 151.5644
16145 215.4948
16146 224.0469
16148 265.2971
16155 149.3399
16156 168.4023
16161 150.0631
16162 397.5427
16166 535.7195
16167 403.2221
16176 775.7992
16178 146.8270
16184 325.7590
16185 233.1333
16187 321.3001
16188 2398.0204
16189 152.5542
16190 192.7622
16191 155.8767
16192 148.5361
16195 148.2405
16196 155.5755
16198 151.7041
16202 171.2640
16206 244.7975
16208 152.8158
16210 1207.7492
16212 178.0537
16216 147.5916
16218 152.9269
16227 152.9110
16228 4114.7466
16229 424.3905
16230 185.7323
16232 182.1841
16233 274.1482
16240 161.5843
16244 146.8595
16245 189.4932
16246 151.9415
16248 153.2822
16253 172.8031
16255 154.9814
16257 159.9058
16264 152.2229
16265 4231.1934
16278 151.1172
16282 174.7464
16288 154.6698
16292 150.0358
16295 150.4298
16298 148.9084
16304 222.8113
16308 254.2858
16309 154.6602
16311 214.2626
16312 2737.9072
16316 151.3590
16317 324.9770
16327 155.1590
16329 150.5592
16338 149.8156
16341 148.1326
16342 216.5995
16344 216.6364
16348 162.1400
16354 152.6749
16359 151.7628
16362 418.8812
16363 167.9495
16364 156.4475
16368 168.0333
16370 218.2433
16371 153.6532
16372 245.6163
16373 221.8823
16374 225.2729
16376 1685.6824
16377 148.7423
16382 199.7535
16383 170.8602
16390 634.2407
16393 170.3102
16395 189.4163
16397 267.2494
16409 150.7243
16412 151.2158
16413 218.2706
16415 146.7957
16416 162.8833
16419 213.0794
16420 148.8730
16421 233.7412
16427 166.0071
16429 4181.6769
16433 149.7918
16434 150.7351
16435 154.9429
16437 151.0092
16439 151.0491
16440 151.2367
16443 152.0741
16451 214.0379
16452 252.3969
16458 154.1857
16462 241.3698
16463 166.5977
16464 320.9106
16467 235.2532
16469 149.8538
16473 3852.9764
16474 151.6474
16478 149.0285
16482 241.4434
16484 169.4709
16489 179.2710
16497 189.0253
16499 198.2976
16501 150.4212
16502 150.7114
16508 2451.4899
16513 195.4666
16516 208.1725
16520 169.6835
16522 160.1478
16525 147.9869
16527 151.8486
16528 167.4534
16529 591.5607
16531 150.7988
16533 166.4481
16536 211.8505
16539 218.5571
16541 1387.1175
16544 213.2207
16547 152.3948
16548 269.0265
16554 175.8161
16559 148.8280
16560 159.6449
16570 165.4373
16574 224.0469
16575 151.8370
16576 1511.4954
16577 154.1793
16580 165.1002
16581 494.6278
16584 231.3828
16593 160.3780
16594 375.7109
16599 152.4772
16600 162.1803
16604 148.3499
16609 160.9968
16610 149.0398
16614 149.4831
16615 4134.8851
16616 158.6054
16621 152.3911
16627 483.0637
16630 155.6068
16632 153.2169
16634 152.1822
16636 222.3538
16638 827.0660
16644 263.0827
16645 196.9040
16647 152.4168
16649 372.2503
16651 198.9937
16653 170.3270
16658 152.3701
16659 166.6316
16660 149.9704
16663 203.1263
16668 390.0187
16671 158.5865
16673 300.6104
16674 155.1959
16675 3548.2601
16677 150.1550
16680 1038.2803
16683 178.1447
16684 184.6208
16690 148.5967
16693 150.6211
16700 152.1254
16708 158.5409
16709 159.0172
16710 213.0329
16711 158.7373
16716 239.5860
16717 150.6486
16724 213.0329
16727 147.7286
16729 4238.1276
16731 191.2883
16733 194.5851
16734 168.9706
16737 177.8469
16738 151.5099
16739 173.9426
16745 157.9466
16746 155.9231
16747 148.8465
16757 162.2826
16758 165.2900
16764 152.0774
16772 375.7109
16773 154.3604
16775 193.1559
16777 271.3106
16779 166.4219
16781 150.4057
16788 149.7144
16794 152.5126
16796 150.8984
16798 151.7795
16801 152.9245
16807 148.0087
16810 153.4304
16817 164.9871
16827 151.3959
16829 2391.0965
16832 233.5125
16833 168.2497
16836 197.6925
16837 150.8966
16838 290.0869
16839 149.2328
16843 152.0738
16846 159.4564
16847 172.4417
16851 153.1170
16852 263.0827
16856 155.8278
16857 893.8380
16858 150.7736
16859 2377.8919
16863 156.2863
16867 221.7438
16868 201.0746
16873 155.2396
16874 156.8127
16875 168.5686
16878 289.1577
16880 184.1692
16889 158.6043
16890 180.7964
16893 226.6766
16896 149.3391
16898 205.3276
16900 3277.5026
16903 153.9653
16904 149.3795
16905 151.3963
16907 256.1233
16910 162.9574
16911 887.8545
16912 148.3402
16916 157.4236
16918 191.6743
16922 155.2689
16928 253.3786
16929 156.6959
16931 150.9152
16933 177.6358
16936 149.9864
16938 154.6827
16939 151.5005
16941 163.3333
16948 4049.8499
16954 155.1590
16957 151.5012
16958 164.4282
16961 154.6997
16965 177.4206
16967 150.3622
16973 239.6859
16975 238.4663
16978 149.5220
16979 271.0100
16981 151.2762
16984 154.5461
16986 155.0647
16988 188.5614
16994 147.0987
16998 148.0399
17000 170.9521
17005 247.2979
17008 429.2428
17010 609.1681
17011 151.7601
17012 149.8327
17013 151.2534
17017 220.1723
17024 150.3561
17027 146.8270
17030 1843.5299
17031 149.3329
17033 245.3772
17036 284.6151
17042 162.2545
17043 195.4978
17046 161.1250
17048 2127.5911
17056 219.8973
17057 159.3883
17064 152.1918
17068 164.7548
17069 154.3526
17077 242.4894
17081 149.7115
17083 153.2434
17086 310.7198
17088 260.2643
17093 155.7740
17096 151.3097
17100 146.7080
17105 169.5029
17107 151.9415
17110 802.1101
17121 175.8766
17123 234.5793
17125 149.4373
17130 150.5858
17132 149.1313
17133 158.2717
17134 262.3224
17148 152.5288
17157 2122.6447
17158 158.1774
17160 200.7218
17170 151.8715
17172 235.9264
17173 150.1822
17176 207.1184
17180 150.5417
17186 150.7114
17201 255.0610
17203 194.6168
17205 149.7619
17207 159.3800
17209 153.9744
17212 215.4793
17213 1228.2224
17215 190.3157
17216 152.0007
17218 149.0005
17220 161.9756
17222 151.6067
17223 217.3610
17226 148.6249
17227 149.5501
17232 503.1917
17235 213.4374
17239 176.0784
17240 155.0661
17241 157.9989
17244 152.1058
17247 164.2400
17252 150.0767
17255 165.9052
17258 153.4039
17259 2554.4152
17260 248.3898
17264 153.7759
17265 164.4597
17268 392.1380
17270 152.3484
17271 169.3942
17275 147.2061
17278 158.4266
17280 154.5912
17281 183.9381
17282 150.6392
17289 147.2965
17294 154.2231
17297 152.7220
17302 2828.8552
17310 176.0327
17313 162.0701
17314 164.3485
17315 189.1142
17320 680.6901
17321 187.1306
17322 195.0351
17328 152.5864
17338 149.9864
17340 233.7636
17342 151.1723
17343 165.9042
17345 159.3401
17348 148.3000
17356 150.7385
17358 151.3601
17361 252.2547
17363 155.3154
17365 153.4427
17370 149.2519
17373 152.1218
17374 153.8019
17377 151.6706
17379 152.6018
17381 173.7716
17382 150.2603
17392 232.0519
17394 157.3305
17400 152.4127
17401 160.0093
17403 266.7703
17408 150.8877
17411 164.4354
17414 237.5708
17423 213.2582
17425 273.7899
17428 164.1236
17429 170.1525
17437 154.1498
17446 277.8338
17449 391.8441
17451 178.0243
17452 160.1090
17455 150.6030
17462 160.2951
17464 226.8668
17467 153.0185
17475 154.6838
17477 292.2518
17480 264.7642
17483 162.6475
17489 365.9283
17490 170.2502
17491 160.8054
17500 151.1899
17501 158.1287
17502 189.4284
17504 179.5122
17511 150.2407
17516 180.2443
17517 3590.2919
17523 278.8376
17529 151.6125
17531 149.9864
17535 183.1257
17538 159.6004
17541 203.6566
17544 158.0309
17547 149.0542
17548 862.7263
17553 149.9864
17555 185.8076
17556 194.9443
17557 152.1867
17558 148.1037
17560 148.1525
17561 155.4414
17562 152.7797
17563 150.4302
17565 151.8958
17566 150.2122
17567 161.8298
17569 241.1016
17570 176.8746
17574 201.6414
17576 150.8461
17578 209.8505
17582 148.4012
17585 174.2925
17587 165.0066
17588 148.8399
17590 149.0699
17592 152.3072
17598 148.2659
17601 151.2158
17605 164.9671
17607 194.0615
17609 161.7119
17610 395.5732
17611 201.1083
17613 197.7563
17614 2227.4102
17619 149.9150
17621 151.5417
17622 153.0319
17624 157.2333
17628 183.6101
17629 153.3011
17632 157.5559
17633 375.9910
17634 149.6631
17639 172.9742
17640 158.5409
17642 157.6273
17644 159.4010
17646 242.2341
17648 160.3372
17651 154.2706
17652 163.3940
17659 243.7153
17660 151.5919
17668 152.6072
17676 150.6566
17678 261.6583
17681 193.4714
17682 175.0967
17683 197.5155
17684 159.7623
17691 149.6945
17693 150.6966
17695 154.1793
17700 153.4027
17701 150.8925
17702 243.7153
17708 234.4658
17709 164.9878
17712 228.8983
17720 150.0370
17722 178.8752
17723 149.9192
17724 250.1022
17727 1667.9855
17728 403.4467
17731 152.4859
17734 457.6268
17736 154.9814
17738 153.7314
17742 179.8591
17744 205.1880
17745 147.3430
17746 2178.5583
17747 152.1208
17748 149.6183
17751 152.7834
17753 149.1462
17758 187.0733
17759 148.5579
17761 149.6660
17764 195.3732
17765 4116.6947
17770 223.7561
17771 200.0848
17773 150.1534
17776 4039.1944
17778 151.0717
17779 196.9062
17783 542.2039
17785 926.9104
17788 157.3891
17792 154.0733
17796 243.7153
17803 215.2792
17808 3888.8415
17814 234.4432
17815 271.3106
17816 149.6299
17819 158.4989
17821 148.6841
17828 345.8481
17830 162.2651
17834 154.9291
17836 153.2865
17837 154.6443
17840 190.7681
17841 152.9440
17848 272.3103
17850 890.4803
17857 148.0818
17859 237.3800
17860 174.2797
17866 151.9177
17868 166.8992
17869 150.1503
17872 171.8745
17873 223.6467
17875 161.4105
17879 159.6856
17885 163.8062
17889 219.9948
17893 151.9415
17895 211.0804
17897 146.9202
17899 167.5556
17901 149.2128
17904 152.8020
17905 149.5858
17912 150.3055
17913 159.9664
17920 214.9893
17923 167.3506
17925 153.2853
17930 156.8388
17932 150.9447
17933 241.5034
17934 150.5100
17938 241.5034
17946 259.3689
17947 149.6395
17948 2717.1934
17949 187.8005
17955 160.8173
17961 368.9226
17963 191.6496
17964 152.6750
17966 158.1067
17969 151.8084
17970 2119.7509
17976 154.7699
17978 156.6898
17980 152.8158
17982 150.2245
17985 165.8235
17987 157.3439
17988 150.9984
17989 152.5126
17995 200.6693
17996 159.4335
18001 262.6845
18004 155.5516
18007 187.1306
18011 148.3624
18013 205.6228
18014 166.3083
18024 151.9573
18027 159.3894
18031 166.8345
18032 160.3513
18035 188.0961
18037 181.8973
18041 3850.4076
18042 176.0394
18044 160.6467
18047 157.0255
18049 164.1762
18052 152.7584
18053 164.0144
18055 158.1774
18065 160.5693
18071 150.9142
18074 149.4572
18083 152.8845
18086 151.1579
