inputId Score
9046 4299.2199
9047 4228.1840
9052 1195.1142
9058 4299.2943
9063 4190.8788
9064 4295.8655
9066 4358.9176
9072 828.5995
9075 4296.8156
9077 667.2583
9083 1763.3106
9086 4330.2757
9087 4294.6886
9092 4257.7677
9094 4292.1600
9097 4229.4892
9100 4291.7340
9103 365.7667
9107 4298.0332
9123 4330.7695
9125 4110.7798
9129 4332.3859
9131 4291.5168
9133 4302.1189
9136 4222.9426
9141 4354.0315
9144 709.4439
9147 4328.9202
9151 4259.8959
9152 4192.8520
9153 4290.0112
9156 4303.1522
9157 222.1368
9162 4331.2933
9171 4087.4558
9179 4356.2130
9185 4331.0971
9188 258.3028
9189 4328.3726
9190 1270.0869
9193 4291.4495
9195 4295.2566
9198 4291.5168
9199 4356.3669
9200 4299.2740
9201 4356.5137
9214 4387.5630
9216 4302.8930
9220 4327.4733
9222 4298.2842
9223 4331.2933
9226 140.8537
9235 4330.3770
9241 4334.2167
9243 1955.2138
9246 4387.5630
9247 3417.6291
9251 4328.9087
9252 1232.5024
9261 4357.9698
9263 4323.9893
9265 4356.5137
9266 4358.9176
9267 4358.6239
9276 4361.3250
9277 4387.5700
9285 4291.5168
9287 4087.4558
9289 4031.9275
9290 4360.1445
9291 4356.5137
9292 4358.9176
9293 2150.8265
9296 4262.9515
9299 4293.5270
9301 4302.0918
9306 4387.5700
9312 4288.4967
9316 4358.9176
9326 440.8729
9327 4299.1554
9328 4328.5957
9332 4328.4201
9336 621.3582
9339 4296.8460
9341 4299.1554
9343 4354.0315
9348 4300.5451
9350 4358.6169
9355 302.6570
9357 4358.6239
9360 4293.3909
9361 4191.5997
9362 4291.7340
9367 131.1174
9369 4302.0918
9371 4360.5132
9373 4354.0245
9378 4298.8850
9381 4359.0224
9382 4297.8889
9383 4298.1473
9389 141.7084
9391 4017.8238
9395 4356.5137
9400 140.7617
9402 133.0308
9406 4361.3250
9407 4361.3250
9412 3595.2941
9414 4295.8800
9415 2875.3752
9416 4326.5163
9417 4356.2130
9419 4232.4459
9421 169.9350
9422 4010.7901
9427 4298.8850
9428 4298.1826
9429 4292.6297
9443 4292.6297
9455 4329.9820
9457 4356.5137
9460 911.3364
9462 4297.4450
9464 4387.5700
9466 4388.6851
9470 4260.9817
9472 4293.6915
9473 3229.4456
9475 4121.1910
9476 4304.7616
9478 3670.5386
9480 865.0117
9481 4332.3859
9482 3706.4231
9487 4331.2933
9495 3937.4000
9496 4330.0833
9499 4222.3187
9500 4330.3468
9502 4329.9820
9503 4297.8804
9508 4364.1699
9509 4166.6527
9513 4302.8930
9519 4295.8085
9522 134.1581
9524 4293.6915
9527 182.4949
9529 1064.4015
9531 4328.0872
9533 1062.9872
9535 4327.0021
9538 4326.0754
9539 4330.7695
9540 331.6958
9543 4356.2130
9546 4354.0315
9547 862.1864
9550 4290.0112
9553 187.6928
9555 3952.5202
9556 3634.1915
9558 4230.2482
9563 151.0807
9564 4298.8920
9566 4024.1156
9567 4295.8800
9578 4301.2045
9583 4055.1425
9586 4294.3965
9589 4004.4682
9592 4298.6082
9593 4356.5137
9598 137.3993
9600 4387.8637
9604 4161.0031
9607 4332.3859
9610 4388.6851
9612 4262.7980
9614 4290.3273
9615 3734.9834
9618 4260.7107
9622 4303.6084
9623 4328.0872
9628 4302.0918
9629 4221.7327
9630 4291.5168
9633 4297.3946
9635 4256.8535
9640 4256.6669
9641 4293.8770
9642 2051.0164
9644 4329.9820
9651 4295.5116
9652 3137.9023
9654 4327.7935
9664 4006.9400
9665 4296.8201
9668 4354.3252
9670 4330.4330
9671 4007.0791
9673 4295.2815
9675 4327.2992
9676 4387.8637
9682 4298.4242
9685 4129.1649
9688 4358.9176
9689 4358.6239
9690 4387.8637
9691 4300.2929
9692 264.1291
9694 4331.2933
9696 4304.1338
9705 4227.9437
9708 3052.0435
9709 4332.3859
9713 4299.2740
9714 4293.1637
9715 4358.6239
9716 3718.2567
9717 4387.5700
9718 244.5930
9719 4330.2757
9720 4024.7111
9722 4255.4148
9723 4224.3011
9724 4294.5130
9728 4294.4087
9729 4131.7505
9732 4330.9996
9738 4193.3541
9739 222.6254
9742 4387.5630
9744 4292.5284
9747 4358.9176
9753 4354.0245
9766 4361.3250
9767 4387.5630
9770 4330.7695
9772 4301.1249
9773 4356.5137
9774 4358.9176
9781 4325.5047
9784 4361.3250
9791 4387.8637
9793 4232.9159
9794 348.5542
9795 4290.0112
9798 1115.4426
9802 4354.3252
9810 3501.4011
9813 4354.0245
9827 4356.5137
9834 4327.1418
9835 4303.6084
9838 4293.3232
9842 233.7838
9849 4293.7518
9850 4356.3669
9851 4330.5173
9855 163.7619
9857 4296.7035
9861 2641.1984
9866 4329.4877
9870 4387.5630
9877 4259.9651
9880 1045.6677
9882 4293.6915
9886 4327.9086
9892 2563.3992
9895 4292.6367
9897 2952.2259
9901 4296.7134
9904 4296.5449
9908 4293.1722
9910 4361.3250
9912 4356.5137
9913 4293.7518
9914 4360.6844
9915 4330.2757
9916 3219.5127
9917 4330.7695
9918 4361.4618
9927 4225.1841
9930 4297.9922
9933 4356.2200
9934 4296.2358
9938 3978.6998
9939 145.2901
9940 4361.3250
9942 4293.6915
9946 4041.9797
9948 4330.2757
9951 4083.6623
9963 4328.0872
9964 4197.4838
9967 1904.0430
9973 4331.2933
9974 1228.8542
9975 4330.0763
9979 1303.1022
9981 4265.7576
9984 4358.6239
9988 4293.3369
10003 4387.5630
10014 4299.6650
10016 1149.3491
10017 1834.5982
10019 4292.0416
10020 4294.3847
10023 4327.2992
10025 4359.7391
10026 4387.5630
10027 4299.2740
10030 4358.9176
10032 4328.5913
10033 4262.7524
10035 1226.3460
10037 4079.0954
10042 4296.8004
10043 3208.4030
10047 4303.3077
10053 4358.6169
10055 4360.8377
10056 2995.4347
10057 4299.1054
10058 131.7297
10059 4301.7911
10061 310.8421
10062 4387.5700
10067 4298.1603
10070 4332.3859
10072 4324.2738
10073 4290.3735
10078 4293.1722
10081 4289.2610
10082 4290.4508
10091 4302.6514
10099 4294.4017
10101 4298.0402
10102 4304.4957
10105 146.8178
10110 237.3420
10115 4332.9213
10122 4328.4581
10123 4290.0112
10124 3530.7888
10125 4169.5792
10127 4292.6297
10129 4327.2992
10131 4387.8637
10146 4149.6449
10154 4361.3250
10157 4302.6514
10168 4361.8673
10169 4196.3511
10180 4084.2100
10181 4295.8037
10184 4358.6239
10185 4228.4776
10188 4325.8977
10197 4353.8651
10198 4333.5011
10199 1857.3074
10208 4289.2610
10209 4327.7935
10211 4329.9820
10216 4299.0041
10217 4290.6280
10229 4291.0501
10230 4356.2200
10232 4290.0112
10235 4194.2414
10237 4223.1951
10238 4332.3789
10240 4302.0918
10252 1142.8257
10254 4295.8447
10259 3921.3308
10262 1982.4862
10264 4225.4039
10266 135.0781
10268 3289.3832
10269 4299.2740
10270 4287.4234
10272 4295.8800
10274 262.5012
10276 4329.9820
10277 1328.4223
10278 4357.3351
10282 4327.0021
10283 2063.8118
10286 4298.3324
10287 4330.0534
10288 3857.9609
10291 4258.5855
10294 4356.5137
10298 4358.6239
10305 4298.0332
10308 138.5901
10309 4328.2639
10313 4293.1722
10326 4298.2694
10327 4329.9820
10331 3422.3790
10333 4294.5130
10335 2537.9850
10339 4356.5137
10340 4333.5011
10347 4295.8800
10348 4354.0315
10354 4356.5137
10356 4387.5700
10362 4331.2933
10365 4358.9176
10366 4136.3750
10369 4362.4471
10372 4327.3629
10373 4298.2694
10381 4358.6239
10383 4293.8534
10384 4387.8637
10388 4335.7879
10392 4299.1554
10393 4224.7205
10397 3832.5020
10398 4357.8051
10405 4302.3577
10413 4295.7408
10416 1998.3068
10423 4299.1554
10428 4162.0563
10432 4299.2695
10433 4293.1722
10436 4065.2469
10441 4299.2740
10442 4358.6239
10444 4356.3669
10445 3058.8401
10448 4325.5047
10449 4265.1021
10455 4354.0245
10456 3897.1706
10458 2917.2075
10460 4098.9074
10465 3969.8697
10467 4009.6220
10474 4355.3913
10475 4360.1445
10476 4230.0944
10479 4356.2130
10483 4333.5011
10486 4329.9750
10489 138.9178
10494 4261.4857
10495 4135.6622
10497 3900.2932
10499 4328.0872
10500 4358.9176
10506 4262.7524
10507 4358.6239
10514 474.4441
10517 4224.7852
10518 3896.1197
10521 4028.9045
10525 138.3659
10531 4387.8637
10536 4292.8198
10538 4362.1226
10542 4305.1956
10554 4290.0112
10555 4387.5630
10557 4293.2378
10559 4295.8037
10568 4302.3577
10570 4326.7009
10575 4292.6297
10576 4116.9768
10578 4296.4264
10579 140.0165
10580 4359.0224
10581 4327.7865
10582 4297.7002
10583 4321.3612
10590 4358.6239
10594 4322.5412
10597 1499.3802
10599 4325.7920
10600 3774.9324
10606 4387.8637
10607 2289.9447
10609 4356.2200
10611 3327.6364
10614 4387.5700
10615 4357.3351
10619 971.3303
10620 4328.9087
10621 4294.3847
10626 4198.9870
10630 4297.4636
10632 4134.4232
10635 4168.5001
10639 4297.9903
10642 162.4217
10645 4110.8027
10652 4387.5700
10653 4069.3429
10656 4387.8637
10659 133.0831
10662 3406.1413
10665 299.1719
10666 4357.3351
10667 4291.5172
10668 1546.1374
10670 4324.8695
10672 4326.5093
10674 4332.3789
10677 4329.9820
10687 4325.8977
10691 4100.2032
10692 4387.8637
10703 4135.6622
10708 198.6657
10710 4358.9176
10722 4295.5793
10724 4291.5172
10725 4387.5700
10726 4291.2161
10729 4290.3343
10731 4354.3252
10732 4356.5137
10734 4255.5639
10742 4358.9176
10744 4357.3351
10745 4298.0358
10746 4323.0536
10747 4356.5137
10748 4324.7297
10749 4292.6297
10753 152.6578
10754 4356.5137
10756 1671.0014
10757 4361.3320
10763 4358.6239
10764 4359.6926
10766 4329.9820
10767 1063.0152
10769 4040.3115
10772 160.0133
10775 1104.7763
10784 4292.6297
10786 4387.5700
10789 3311.5177
10793 4358.6239
10795 4255.1416
10798 4295.0835
10799 4298.8304
10800 4358.9176
10801 4295.6319
10805 4325.4977
10813 2688.7166
10816 4361.3250
10817 4358.6169
10819 2632.5510
10824 4292.0006
10826 4231.3898
10827 4304.6360
10830 4358.6239
10833 4356.2130
10834 133.9722
10837 148.7899
10844 4259.9561
10845 4358.9176
10849 4387.5630
10850 4358.6239
10851 4358.6169
10854 4297.3926
10857 4198.5335
10872 4175.4197
10873 4293.1722
10885 4361.3250
10889 675.2711
10891 4121.1910
10901 4293.6915
10902 4302.3507
10903 4387.8637
10904 143.2077
10905 4327.6959
10906 521.1372
10909 4358.9176
10914 2652.6401
10919 4055.1425
10920 156.3231
10922 4364.1699
10937 4233.3177
10939 4327.9040
10942 4387.5630
10944 4256.5720
10949 4194.6766
10950 4070.6210
10956 4332.6796
10966 4360.8377
10970 3887.1175
10972 212.8776
10977 129.7156
10981 4291.2231
10984 4329.9820
10990 4356.5137
10991 4193.3541
10992 4295.8585
10993 173.3529
10994 3829.6885
10997 4134.4724
10999 4332.3859
11000 4293.1637
11003 4297.1059
11005 4331.0452
11006 4297.9922
11011 4223.2513
11016 4332.3859
11020 4263.5193
11026 4358.6169
11031 4293.7518
11032 4293.7069
11033 4361.3320
11035 4358.9176
11036 2622.9224
11038 4292.6297
11042 4259.6364
11046 4298.2842
11047 4293.6915
11048 4198.9846
11049 4125.1607
11053 4290.4508
11055 4299.7233
11057 4331.2933
11063 4326.1841
11068 3804.5002
11069 4356.5137
11072 4356.2200
11073 4387.5700
11080 2678.3463
11082 4257.5836
11083 4387.5630
11085 3578.0044
11095 4298.8309
11102 4329.9750
11104 3946.8360
11106 4300.0649
11107 4358.9176
11109 4387.8637
11111 138.6939
11115 2649.5195
11125 4358.6239
11129 4358.6239
11133 4354.0245
11134 907.8390
11135 4330.5173
11136 4259.6548
11138 4387.8637
11139 4105.7946
11141 4262.4953
11142 4330.0833
11148 4293.7518
11149 197.2272
11159 369.6403
11161 892.1534
11162 4354.3252
11170 3877.0888
11182 4294.3621
11184 4294.4232
11186 2831.6193
11189 4260.1165
11192 4356.5137
11193 4361.3250
11197 574.3730
11198 4175.4197
11208 4330.2757
11209 143.2855
11212 4056.2549
11214 175.4467
11217 4358.6169
11218 4327.1488
11221 4358.6239
11222 176.0330
11225 4387.5700
11233 4290.0112
11234 4326.5093
11239 4299.7177
11241 4294.2466
11243 4356.5137
11249 4304.7546
11250 4359.6926
11253 4354.0245
11261 4322.5510
11264 4104.3139
11267 4358.6169
11271 256.7141
11272 134.5282
11283 4291.7502
11284 4354.3252
11285 4353.8651
11286 197.2644
11291 4357.8511
11297 4332.3859
11299 4327.1418
11303 4354.3252
11304 4328.8894
11306 4387.5630
11310 4028.9045
11311 4387.5700
11312 4297.9879
11315 4359.7155
11328 4362.4006
11329 4329.9820
11331 3904.9512
11336 1716.2565
11337 4354.0245
11342 4295.0835
11343 4293.1722
11347 4261.1555
11348 1540.9723
11350 4290.4508
11352 4330.0763
11354 4265.7576
11356 4292.1161
11359 4294.9367
11360 4065.6326
11361 880.4345
11362 3995.4237
11365 4329.9750
11366 3775.6712
11367 4356.2130
11368 142.8097
11379 4358.9176
11383 4288.8617
11385 4110.8702
11387 4358.9176
11388 4295.4746
11389 4294.4232
11398 4387.5630
11401 130.8095
11403 4326.6198
11404 4297.0984
11412 4299.0270
11414 4134.4724
11415 4331.2933
11418 4293.3909
11420 4327.3940
11424 1040.7491
11430 4134.8758
11444 4332.3859
11446 4259.0379
11447 3323.8158
11454 4331.8916
11455 4358.6239
11457 4358.6239
11459 4132.6815
11461 4298.0002
11462 4358.9176
11464 4293.9951
11467 2099.7609
11471 4387.5700
11473 3795.9605
11474 4161.2063
11476 4324.9533
11479 4353.8721
11485 4356.2200
11488 3946.0434
11489 4260.2166
11494 4358.9176
11495 4300.7183
11499 4361.3250
11501 4361.3250
11503 4327.6724
11508 647.0776
11510 4291.5168
11513 3797.5483
11515 4225.9903
11522 4324.4649
11523 4303.7077
11524 4295.8085
11528 4358.9814
11530 4327.6794
11539 4298.2694
11553 4293.7069
11554 4168.8356
11555 4299.0270
11559 1683.0669
11560 2408.7926
11562 4302.6514
11564 4327.7865
11565 3939.9998
11566 4356.5137
11567 4326.5738
11568 4299.8490
11570 4287.2422
11571 4292.5620
11574 160.2935
11575 4291.5172
11579 4330.2757
11581 4387.5700
11593 4354.0245
11594 4323.4969
11595 4206.5208
11609 4298.2712
11610 1823.6186
11612 4098.5854
11621 4325.4909
11624 134.9833
11625 2088.0153
11628 4355.1467
11629 4354.5990
11634 1092.1522
11640 2968.0788
11643 4197.7248
11644 4295.0406
11645 318.0132
11646 4294.3485
11648 4260.6287
11649 4328.5844
11653 4326.5808
11654 3472.6407
11659 1095.5241
11662 4293.6915
11666 4295.5239
11668 4157.0725
11670 2002.4266
11671 4232.2933
11674 3315.5871
11677 4056.2549
11679 1765.5462
11681 4301.2045
11684 2852.1477
11688 4074.6424
11690 4296.8201
11691 4328.9202
11697 4291.7340
11705 4303.5862
11706 4356.2130
11710 4331.0702
11712 4302.8930
11713 4328.0872
11714 4296.8271
11716 4257.5836
11721 3493.4492
11722 4114.8287
11724 4356.5137
11725 4257.5836
11727 170.9078
11732 4291.5168
11740 4329.9820
11743 4354.0245
11744 4299.2740
11746 4361.8673
11748 682.1632
11749 4293.6915
11753 4297.0829
11755 4289.9280
11758 4356.5137
11763 4356.2200
11764 4323.6186
11765 2670.0206
11766 4294.6187
11772 4294.5267
11775 4233.7545
11776 4366.8779
11780 4292.7618
11782 1829.6407
11785 4387.5630
11788 4387.5700
11791 4358.9176
11792 4356.0727
11795 4293.9180
11798 4356.5137
11803 4293.4116
11804 4387.5700
11807 3905.7734
11809 3575.3759
11815 4361.3250
11817 4387.5630
11820 4133.3599
11824 1937.8842
11825 4331.2933
11826 4324.1229
11828 4128.4391
11831 4330.0296
11833 4299.2740
11835 4066.2838
11837 4090.9972
11839 4358.6239
11847 4256.5720
11848 4361.8673
11852 209.0125
11854 4257.5836
11855 4302.6514
11856 4300.8282
11857 177.3852
11864 1641.9657
11877 4260.8180
11879 4356.5137
11882 2828.5566
11884 4326.7009
11886 3733.8184
11890 231.8166
11892 4289.3287
11894 1709.0989
11896 1861.2081
11899 4363.4122
11901 4330.2757
11904 287.2492
11911 4323.0840
11912 4321.9314
11913 3173.4897
11915 4293.2925
11917 4130.0430
11922 4387.8637
11924 4358.6239
11931 4354.3252
11932 730.0891
11934 4229.0483
11936 4387.5700
11947 4362.4006
11954 4355.1467
11955 4332.3789
11960 4302.0918
11964 4264.4819
11965 4298.6896
11966 4326.1841
11969 970.7440
11970 147.0835
11971 364.9782
11972 4293.1637
11976 3907.3929
11979 4332.3859
11980 1332.2844
11982 4291.5168
11985 1864.1512
11986 4329.9820
11987 4294.2466
11988 4294.2466
11990 4358.6239
11993 4330.7695
11997 4356.5137
12005 4296.2725
12007 4361.3250
12010 4360.7042
12011 4295.8655
12012 4359.2981
12014 4356.5137
12020 4293.1722
12022 4387.5630
12023 139.9853
12025 4325.4909
12031 4301.4461
12043 4054.9025
12044 4097.7504
12050 4259.6548
12052 4296.1591
12059 4300.6365
12060 4357.8051
12061 4358.9176
12065 4321.7790
12066 4298.3324
12068 4387.5700
12073 3663.5529
12074 4259.2197
12077 4327.6724
12078 3807.7967
12079 4358.6169
12084 502.7823
12086 3889.6490
12089 4291.5168
12091 4287.7465
12092 138.1028
12093 4293.6050
12095 4261.0713
12096 4302.8930
12097 3871.9450
12099 4293.4116
12100 4101.2317
12105 4358.9176
12108 4295.8800
12110 3922.4634
12111 4298.2842
12112 1965.7434
12117 1436.2551
12121 4327.1488
12123 4332.1148
12125 2407.7821
12128 4293.7518
12131 201.7374
12132 4292.6297
12134 4299.1554
12143 4387.5700
12144 729.2958
12161 4361.3250
12164 4387.5700
12165 4361.3320
12169 4299.7233
12172 3438.4558
12173 4295.0726
12174 4360.8377
12176 4289.4129
12177 4293.1892
12180 4298.5528
12183 4261.0713
12185 4356.2200
12187 155.9574
12188 4387.5700
12194 4358.6239
12201 4291.7295
12203 4328.8894
12209 4008.4417
12213 4286.8853
12216 1500.9986
12218 4301.1703
12220 4265.9569
12232 4334.7763
12235 4233.9027
12236 4332.3789
12237 4358.6169
12239 4328.1129
12243 4358.6169
12248 4326.6061
12252 3244.5944
12255 4295.5762
12256 4135.6622
12257 288.1230
12258 3839.6247
12263 4358.9176
12268 4296.8271
12269 4328.4581
12271 4298.2624
12273 4354.9901
12277 3462.8469
12279 4292.6297
12285 4332.9213
12286 161.2628
12287 4196.4584
12289 4290.0112
12290 4270.6725
12300 4158.0679
12311 4328.3656
12313 4032.7029
12317 3961.9624
12320 4259.1754
12326 4303.5862
12327 4322.7995
12329 831.2334
12333 4326.8745
12335 4326.7763
12336 3315.3804
12338 3849.2352
12341 4203.9984
12351 4387.5630
12352 4071.8583
12356 162.7254
12360 4299.1554
12365 4387.8637
12366 4356.5137
12371 4261.9304
12373 182.4973
12376 4259.3701
12377 4331.0971
12387 4329.9820
12399 4358.9176
12402 4334.0014
12405 1397.1059
12407 4356.2130
12409 2584.3234
12410 1492.9325
12414 3304.7955
12415 4293.7518
12416 4291.5168
12417 264.7591
12418 4387.5700
12423 4300.0028
12426 4257.2257
12427 4259.6548
12431 4356.2200
12440 4195.4312
12441 283.5578
12442 140.0430
12451 4356.2130
12453 4358.6239
12455 4299.7233
12460 150.8683
12462 4295.5863
12464 4293.2925
12466 4198.5472
12469 4358.6239
12471 4295.5116
12473 4356.2127
12480 4387.5700
12481 1252.5840
12482 4328.9202
12484 4332.3789
12489 183.8628
12491 4304.5432
12493 4295.0459
12494 2548.8029
12497 2110.8489
12503 334.5431
12507 1785.3981
12508 4300.4442
12512 4294.1379
12514 4325.8767
12515 4328.5887
12516 4326.5093
12518 4357.3351
12521 4287.4234
12524 4292.6297
12526 4362.4471
12530 4331.3571
12533 4290.3270
12535 4288.4967
12539 4232.3563
12540 4328.7946
12542 4358.9176
12548 1340.8060
12549 4302.4521
12550 4298.2842
12557 4328.9132
12559 4328.1659
12560 260.3011
12561 4291.4468
12564 4293.7518
12576 4332.6796
12577 4358.6169
12580 4387.5700
12585 4330.7337
12588 4325.7121
12591 4261.2264
12593 4302.8930
12595 4288.8617
12597 4087.4558
12598 4364.5754
12600 148.5048
12604 234.6469
12605 4297.2611
12610 4358.9176
12616 4104.8800
12621 4226.9336
12630 4387.5630
12631 4259.1754
12639 4227.8179
12642 4231.8422
12646 4260.4949
12649 4290.0112
12653 4330.7765
12654 4261.0049
12657 567.8867
12661 4262.7714
12667 4233.7545
12670 4290.0112
12674 4300.6245
12675 3927.5344
12677 877.8229
12681 4224.6258
12685 4300.5451
12693 3805.6587
12696 4356.2130
12697 170.0567
12704 4329.9820
12707 4387.5630
12710 4325.5047
12711 4173.7133
12715 898.8334
12718 1715.0149
12719 4300.8781
12720 4387.8637
12729 157.5184
12732 4361.3250
12739 4139.3008
12745 4233.7545
12748 4358.6239
12756 168.5291
12757 4322.5510
12760 4354.0245
12762 1029.3935
12764 174.0039
12765 2053.0471
12768 2302.5990
12776 4295.8447
12782 1166.8817
12783 1174.9756
12796 4292.9238
12800 4328.6662
12802 4325.7920
12803 3245.0931
12804 4098.6578
12809 4330.0763
12810 4387.5630
12815 175.1427
12819 4295.0401
12821 4228.4776
12822 4358.6169
12828 4365.2685
12830 4331.1985
12833 4229.0483
12835 147.6883
12837 4326.4002
12840 4327.1363
12843 1973.1553
12844 4024.1156
12845 4298.6070
12849 4387.5700
12851 4292.6297
12852 4358.6239
12858 163.4369
12859 4331.0971
12860 4361.3320
12861 4327.2154
12864 4296.8201
12869 4262.8428
12875 4387.5700
12876 4297.6600
12878 4301.2045
12881 4294.5130
12885 4296.9307
12887 4257.5836
12893 4332.3859
12894 4257.7627
12895 4322.8672
12896 4055.1425
12900 4295.2566
12904 4331.8916
12905 2498.1784
12906 4388.6851
12913 4294.6886
12920 4327.6794
12923 4356.5137
12924 144.5547
12926 4387.5700
12935 4356.5137
12936 4224.1737
12938 4358.6169
12939 4332.3859
12940 4358.6169
12943 4296.8771
12946 4289.9280
12947 4227.3386
12949 4356.5137
12959 4324.6215
12964 4332.3859
12966 4387.5630
12967 4289.3357
12968 177.1851
12971 1604.4389
12985 2776.8560
12986 4387.8637
12987 4261.2264
12991 4298.6082
12992 4387.8637
12993 4298.2842
13000 234.7722
13001 150.3192
13002 2915.5493
13007 714.5818
13008 4235.5162
13011 181.7835
13019 2132.8052
13020 4296.8771
13021 2054.1884
13029 3765.6332
13030 4328.6662
13031 4258.3585
13033 4292.7313
13044 4195.9094
13049 4201.0226
13050 3289.0530
13053 4325.7920
13059 4297.2344
13061 4291.5168
13070 4260.0268
13074 4261.8542
13077 4358.6239
13078 4358.9176
13080 4325.3315
13081 4358.9176
13084 4354.0245
13085 4291.5172
13086 4289.5455
13087 4356.2130
13088 4297.9879
13089 4233.9027
13090 4331.2933
13091 4332.3789
13093 211.9938
13096 4326.1841
13099 4300.5451
13100 4330.2757
13103 4299.7247
13104 184.5086
13113 4070.4573
13117 544.3450
13118 4292.6297
13125 3918.6799
13129 142.2799
13145 4233.3507
13147 2209.5167
13151 4052.3123
13156 4329.9820
13161 588.9803
13164 181.4302
13165 4361.3250
13172 4303.4728
13176 210.3576
13177 4361.3250
13180 4040.6053
13182 1863.4136
13185 4333.6144
13196 4305.1671
13200 843.5219
13201 4354.3252
13204 4361.3250
13206 4295.8800
13210 4257.5836
13211 4322.3845
13214 380.7350
13215 2469.3350
13216 4299.2740
13221 146.3273
13222 4303.1522
13224 4223.8291
13226 4299.7965
13230 4132.0065
13232 4361.3250
13236 4292.6367
13238 4356.3669
13239 4294.5130
13240 4295.8447
13244 4358.9176
13246 4361.3250
13247 4296.4264
13248 4295.8085
13249 285.7232
13263 4329.9820
13264 4325.2540
13266 269.0907
13268 4354.3252
13275 4328.8986
13278 4166.7314
13280 4387.8637
13286 4300.3961
13287 4296.8771
13296 4325.5047
13298 4325.4839
13300 415.4747
13303 4328.8894
13305 4295.0971
13306 4358.6239
13308 4260.8339
13315 4322.3845
13318 4296.2206
13323 4294.2450
13325 4291.5172
13329 4387.8637
13331 4234.7247
13336 4299.0270
13337 4387.5630
13340 4361.3250
13349 4292.2277
13352 4288.7705
13353 4295.8655
13362 4295.8585
13364 4087.4558
13366 3942.8178
13367 3778.8917
13368 1896.8660
13372 4294.3621
13376 4294.2187
13377 4293.2264
13378 4332.3789
13380 4301.4461
13384 4295.7004
13385 4328.0872
13388 4298.3324
13389 4302.8930
13390 4361.3250
13393 4299.2740
13398 146.8250
13404 2547.7761
13406 4322.7995
13407 4387.5630
13408 4296.0763
13410 4036.5998
13413 4232.5969
13416 3707.5876
13417 4332.3859
13424 4357.3351
13428 4033.4693
13436 4358.9176
13439 1128.3826
13440 4260.8339
13441 1188.2458
13442 4087.4558
13447 4290.3343
13448 3791.4996
13450 4258.1204
13455 4303.5742
13463 4259.3568
13465 4292.0142
13468 4327.7670
13473 4292.9238
13476 4297.8804
13478 4356.0727
13479 4261.4706
13484 3211.3787
13493 4297.2611
13496 4297.9922
13500 4387.5630
13506 4032.9653
13514 2514.2374
13515 4261.2264
13517 4303.4728
13518 4075.2885
13528 4261.2500
13533 4332.3789
13536 4170.7119
13537 4332.3789
13540 4356.2130
13542 3471.4652
13545 4291.3386
13549 4327.1418
13553 3221.2473
13556 4262.2589
13563 4387.8637
13564 4296.5149
13567 4387.8637
13569 4296.5458
13576 4240.1179
13577 4087.4558
13582 4332.3789
13583 324.2037
13584 4295.8585
13585 4358.6169
13586 4326.5808
13589 235.4160
13594 4293.1722
13595 4330.2757
13596 4326.6061
13598 2917.1350
13607 4298.0651
13614 4300.7413
13615 4358.6239
13616 4358.6239
13620 4195.4312
13623 4358.6239
13625 3379.3127
13626 4332.3789
13628 4293.7518
13633 4293.1722
13637 4331.0971
13645 2105.6459
13646 4328.3298
13647 4358.6239
13649 2921.9175
13652 4227.1416
13653 3762.3662
13656 4361.3250
13658 4111.7761
13660 2064.3399
13662 3786.2336
13667 3800.3815
13670 4289.9276
13674 4293.6915
13675 768.0932
13676 4326.2478
13680 4295.0835
13683 4264.3107
13684 4332.6796
13687 4123.1594
13688 167.9517
13693 3421.7330
13696 302.1422
13697 4022.4018
13698 4298.1543
13699 4325.5047
13700 4300.3358
13702 945.1768
13710 3967.3372
13715 4330.7975
13720 4359.7391
13722 4293.6915
13723 176.3782
13724 4195.4876
13731 4329.9820
13734 4291.5168
13735 3752.7244
13736 2560.4157
13737 1799.2319
13738 4356.5137
13740 4357.3351
13745 4322.4586
13749 4295.0835
13750 4300.7413
13751 4355.1467
13753 1726.2816
13754 4157.9976
13756 3657.4558
13758 3826.6571
13759 4358.6239
13760 4293.5270
13762 4162.8532
13763 1632.2821
13765 4393.1159
13766 4291.0449
13769 4290.0333
13771 4299.2740
13772 4295.0835
13774 4292.6297
13776 4356.5137
13778 4054.5128
13783 4354.0245
13785 4059.2747
13789 145.0125
13799 608.4968
13801 4192.7808
13806 4235.1032
13809 207.2892
13810 4265.4824
13811 4296.2358
13812 4328.3726
13813 3907.0671
13816 4326.7763
13823 4261.0049
13825 2592.8405
13827 4228.4776
13832 4361.3320
13837 4333.0799
13838 4299.4955
13841 4328.2488
13843 4172.8276
13845 3903.5019
13846 3743.6676
13848 4232.2728
13851 4328.6662
13855 4299.2740
13858 4258.8849
13860 4327.1488
13861 4093.2118
13862 1943.9104
13863 4301.2045
13864 4231.3607
13867 4299.1054
13870 4293.3909
13872 4327.9731
13873 4358.9176
13874 4330.7975
13875 4300.7363
13876 4259.9821
13877 4358.6239
13881 2403.8721
13883 3947.8480
13884 4296.8460
13895 4196.3511
13900 3667.4617
13903 4332.3859
13906 144.3470
13911 1676.2250
13912 4264.2600
13913 3109.9395
13915 2258.6952
13920 4134.4724
13921 4387.5700
13924 4233.1865
13927 3637.5875
13929 4356.5137
13933 1948.9054
13935 4078.8986
13937 4194.0185
13938 3846.3916
13939 4128.3604
13940 4387.5700
13942 3415.7368
13944 4164.6862
13950 4269.0601
13957 4330.2757
13958 4100.4800
13959 4387.8637
13961 4361.0275
13963 4263.0084
13965 3742.7701
13968 4120.3652
13969 4295.5116
13972 4332.3789
13973 4291.5168
13975 4234.0803
13976 4260.1520
13981 145.6255
13983 4333.0799
13988 4298.2694
13991 4296.6791
13994 4356.2200
13995 214.6672
13997 4387.5700
14004 217.7466
14006 4295.0835
14012 224.2356
14021 4291.5168
14026 4332.6796
14027 4332.6538
14028 4358.6239
14029 4295.8447
14031 4228.3255
14032 4331.2933
14039 4291.5168
14040 4265.6781
14045 141.4990
14051 4297.8804
14053 4292.1600
14055 4387.5700
14057 4330.5173
14058 4333.4892
14060 4332.3859
14062 4226.3476
14072 4358.6169
14073 4354.8293
14075 4355.5330
14076 4057.3843
14084 3216.4758
14086 4295.9860
14088 4305.0553
14089 4261.2264
14093 4356.5137
14094 1731.5127
14096 4231.8624
14098 3363.0277
14102 4263.0526
14113 4263.7427
14119 3579.3143
14120 4330.7695
14128 3547.4364
14131 4364.1699
14136 4329.9750
14139 3186.9328
14140 4354.0315
14144 4298.2842
14146 4332.3859
14148 4296.8771
14149 3521.7197
14151 4329.2139
14152 4324.6869
14153 4294.6886
14154 4302.6514
14156 288.1077
14157 4269.1386
14160 774.8178
14161 4301.3615
14163 4388.6851
14164 4290.2287
14165 4296.8201
14173 4067.5036
14177 4293.5270
14179 4322.7995
14181 4108.1865
14186 200.9887
14187 4320.8828
14190 4358.6169
14197 4293.6915
14200 4356.2130
14205 4326.8745
14207 4358.6239
14208 4258.8669
14212 4387.5630
14215 4290.3273
14218 4295.0835
14225 4258.4156
14232 4332.3859
14240 4295.5116
14244 4293.7518
14245 4292.7923
14248 4292.6367
14250 4358.9176
14253 4303.1522
14263 4332.3789
14266 4299.7233
14268 3423.6623
14271 4322.4656
14280 3816.0799
14281 4294.0321
14282 140.2021
14288 4293.6915
14290 1579.8817
14293 4328.9132
14294 4293.2264
14306 316.3258
14307 4295.8585
14308 163.7856
14309 4130.8010
14318 238.7089
14323 3750.8696
14324 4387.5630
14328 140.4294
14329 4293.7518
14331 4159.5062
14332 4292.0896
14333 4294.5390
14335 4290.0112
14338 412.8861
14340 150.9217
14343 4296.8201
14344 3517.2742
14349 4141.8693
14352 4262.6868
14362 4293.7518
14363 133.7723
14369 4294.4162
14371 4387.8637
14372 3856.3293
14377 4358.6169
14384 4387.5630
14386 137.8495
14388 4298.8565
14394 4298.0402
14396 4358.6239
14397 3708.9791
14398 4301.4579
14406 4333.5011
14409 4228.4776
14410 4329.9820
14414 4359.0224
14415 4290.1675
14418 4358.9176
14421 4359.0294
14422 4332.3789
14423 3718.6654
14424 4322.2321
14425 4260.0268
14427 4301.4461
14429 3918.5412
14438 4223.9083
14440 3885.8617
14443 4295.8655
14445 4330.0296
14446 4328.9087
14449 4331.2933
14451 364.5307
14455 4360.8377
14457 4358.6169
14463 4134.4724
14465 3310.4443
14467 4387.5630
14471 252.1259
14475 3692.4755
14487 1700.9623
14488 4387.5700
14491 4260.8180
14492 4301.2959
14494 4028.9045
14497 4103.3552
14498 3854.7562
14500 4387.5630
14502 4296.8201
14507 4358.6169
14509 1554.3717
14513 4332.3859
14516 450.7334
14520 4293.2925
14524 3854.7550
14526 4261.7864
14529 4332.3859
14531 4356.2200
14532 4387.8637
14533 4325.0234
14534 4234.8676
14535 3705.7890
14541 4304.6360
14542 4387.5700
14551 4256.7717
14552 158.5347
14554 4356.5137
14555 4358.9176
14558 4332.3859
14561 4032.7414
14563 170.9588
14568 1809.4549
14572 4288.4967
14573 4291.4495
14574 4358.9176
14578 1257.7193
14580 4356.5137
14581 4328.9132
14584 4387.5630
14586 4154.2504
14587 4362.4471
14589 193.2546
14590 4356.5137
14595 4298.2694
14598 4356.5137
14599 4262.6581
14601 4223.5759
14605 1296.0048
14609 4325.1018
14612 164.9014
14615 4358.6239
14617 149.8990
14618 4358.9176
14620 131.6927
14622 3889.6490
14624 4296.5732
14628 4358.6169
14630 4387.5700
14636 4357.3800
14641 4330.2757
14642 4358.9176
14648 4299.8937
14649 4269.9074
14651 4356.8694
14660 4326.4778
14665 4260.8899
14666 188.3403
14667 4387.5630
14676 4332.3859
14677 4363.3754
14678 4359.7391
14679 4295.0597
14681 4293.7518
14683 3610.4991
14684 2819.5693
14685 4298.8850
14689 4332.3789
14693 3874.0552
14697 4356.2200
14698 247.4419
14699 4297.9423
14700 4296.9928
14701 2928.2262
14703 4103.3544
14707 4032.1098
14710 4204.6384
14711 4330.0763
14713 856.7251
14715 4331.2933
14722 4328.3298
14723 4296.2358
14727 2006.2688
14730 4356.2200
14731 4354.0245
14733 4358.6169
14735 1038.4177
14743 4358.9176
14745 4290.9890
14751 239.0699
14752 4322.5510
14754 4358.9176
14759 4358.6239
14762 4301.0051
14768 4358.6239
14771 4332.3859
14780 4300.8282
14781 3999.5563
14783 4293.4116
14786 4361.8673
14787 4368.4874
14788 4231.2977
14789 4339.2536
14792 4292.6297
14794 4300.6245
14798 4293.7518
14799 4332.3859
14803 4387.5630
14807 4358.6239
14809 4332.3789
14810 4044.5915
14811 4387.5700
14812 300.4848
14815 4260.7881
14819 4354.0245
14822 4296.8771
14828 148.8839
14830 356.7301
14831 4291.7502
14835 4329.9750
14836 3041.1534
14844 4302.1931
14846 4289.1461
14847 3084.5682
14848 4361.3320
14850 3951.8862
14856 4170.7119
14860 4299.7233
14861 4298.0402
14866 4298.3899
14868 4358.6169
14869 4294.6181
14873 1578.1972
14877 4361.3250
14878 252.9043
14882 4330.0763
14884 3169.9907
14888 4292.2277
14892 4108.7480
14900 133.9596
14906 813.2856
14907 4326.5738
14914 4330.0037
14915 1776.8764
14917 4294.3965
14919 4326.6198
14920 214.8305
14922 4294.2946
14923 3356.9037
14925 4331.2933
14926 4332.3789
14933 4356.2200
14934 4302.0918
14943 4387.5630
14945 4297.8804
14954 4299.2740
14955 4293.4116
14959 3969.0996
14962 4302.3507
14963 4056.2549
14965 2212.5508
14969 4331.8916
14970 4264.1907
14971 4387.5630
14973 2912.2661
14978 168.6850
14980 4222.5048
14983 592.2799
14984 4329.9820
14985 4035.8809
14987 133.8768
14988 4387.5630
14990 4357.1949
15002 4325.4909
15003 4387.5700
15007 4289.9350
15008 4225.0478
15012 3440.7290
15014 203.9629
15015 190.1477
15016 3800.3815
15018 4302.8930
15019 4325.5047
15020 4387.8637
15021 4295.8800
15024 3170.7360
15025 4295.7004
15026 4358.9176
15032 4292.2010
15036 4225.0334
15037 4233.7545
15043 4298.2206
15044 4328.3726
15048 4330.4400
15054 4358.9176
15055 777.8519
15057 4261.7868
15061 2496.2528
15064 4292.1626
15067 4291.0347
15070 4070.4931
15071 4325.0049
15073 517.9292
15074 4291.2231
15076 4361.3250
15081 4260.8339
15083 2509.7393
15085 4156.9289
15088 4330.6314
15090 4328.0872
15093 4166.5736
15094 208.9769
15099 4298.2842
15102 4358.9176
15109 4301.4579
15111 144.9545
15113 4295.0459
15116 4299.2740
15121 4262.4308
15125 4294.0391
15132 4293.1722
15135 139.0430
15137 4228.4776
15142 4387.5630
15143 4353.8651
15147 3954.6860
15148 3334.4531
15149 189.7844
15154 1759.9388
15155 4359.0224
15164 4323.3162
15167 4327.7935
15171 4164.6862
15174 4292.8712
15176 896.1672
15181 4328.3428
15182 4197.2729
15183 4325.1018
15186 4298.2694
15187 4332.3789
15189 161.8143
15192 4301.6983
15198 4358.6239
15199 137.4758
15203 4323.9796
15204 4291.5168
15207 4301.0419
15208 4358.9176
15214 4290.3270
15215 4128.8283
15217 4293.9211
15221 4291.3386
15222 4358.6169
15224 4168.5001
15225 4327.4425
15228 4358.9176
15230 830.8743
15231 4294.4232
15235 3914.0011
15236 4387.5700
15237 4326.6061
15244 4225.8193
15247 4329.1632
15251 4295.8085
15257 2975.6168
15262 4293.9250
15264 4161.6123
15266 4256.5720
15267 4327.7865
15270 4158.5250
15277 1198.1006
15278 3386.9916
15280 4357.3351
15281 4259.6548
15282 4305.0553
15285 4329.9750
15290 4358.7384
15291 4359.7155
15292 4269.6555
15293 3913.2956
15294 4228.4776
15300 4358.6169
15301 4296.8201
15303 4206.3763
15305 4257.5836
15306 4291.3386
15310 4302.6514
15311 4289.6339
15317 4328.5887
15324 4292.6297
15325 4158.9788
15326 4191.4275
15336 3801.1744
15338 1779.8130
15339 4263.1613
15340 4296.8201
15344 3999.5563
15346 216.4123
15351 4362.4471
15353 3004.3527
15355 3755.2572
15359 3944.3823
15360 4224.7931
15361 4358.6169
15362 4263.8389
15376 4233.9027
15377 4257.2257
15386 4358.9176
15389 3772.3665
15390 4295.8800
15396 3679.0293
15401 4300.1622
15402 4299.6650
15405 4332.3859
15407 4330.2757
15408 4225.6488
15414 165.0880
15415 4261.0713
15417 4356.2200
15419 4358.9176
15420 3779.6743
15421 4303.2821
15422 4356.5137
15424 4324.1199
15429 4268.6976
15435 4297.3207
15438 1533.1320
15439 4258.9443
15442 4327.3359
15443 4358.6239
15445 4387.5700
15447 4358.6239
15450 4288.8617
15451 4358.9176
15454 3624.8697
15455 4356.5137
15458 4303.2821
15461 133.8318
15463 4327.6314
15466 4358.1599
15468 4353.8721
15472 4293.6915
15474 3735.0401
15475 4297.4636
15479 4083.6623
15481 4199.9202
15482 2658.6998
15483 3251.3202
15486 4353.8721
15492 200.2240
15494 4191.9158
15495 4329.9750
15500 4273.5512
15503 4295.0528
15505 4266.7604
15508 4354.0315
15509 1683.0959
15512 4387.5700
15513 4293.3909
15516 4300.7483
15517 4237.9662
15518 156.8313
15519 4138.1741
15520 773.6056
15523 4261.0049
15526 4256.7827
15542 4233.9027
15545 4273.4177
15550 4297.3157
15554 4233.1865
15557 4292.0006
15565 4354.0245
15568 4292.0344
15574 4325.5047
15577 4300.8282
15590 3812.8625
15591 4324.1269
15593 4387.5700
15594 3260.6353
15600 150.5150
15602 4356.2200
15603 4193.6429
15614 976.6713
15616 4300.7045
15618 4387.5700
15621 4302.1189
15626 4329.9750
15627 225.1643
15631 4294.6257
15632 4066.2838
15642 4243.3359
15643 4332.3859
15649 4358.9176
15650 4356.2130
15651 4301.1703
15654 4358.6239
15658 4327.7935
15662 134.3785
15672 4356.5137
15678 4387.5700
15679 176.3161
15694 4327.6724
15699 4294.4162
15702 4387.5700
15705 4325.8767
15706 1753.5240
15710 4297.1059
15711 728.9716
15715 4356.2200
15716 4387.5700
15724 4293.3909
15733 226.0370
15735 4261.7155
15737 2087.0677
15739 4361.3320
15741 1333.4275
15743 4295.9856
15744 259.7275
15746 4329.9820
15753 4332.3789
15754 1338.5721
15757 4301.4461
15759 4332.3789
15760 4293.6915
15763 2339.5301
15765 4259.3701
15770 3874.1693
15771 4291.5168
15774 3927.1005
15775 3502.8294
15782 4326.1413
15789 4356.2130
15790 4330.1808
15793 4364.1699
15794 4298.0002
15798 4256.8264
15805 4387.8637
15810 4135.6622
15812 4304.2020
15819 4261.0713
15822 4329.9820
15828 4291.1484
15838 4086.3433
15839 4328.9202
15840 1289.3372
15841 4200.9747
15846 4358.9176
15847 4330.2757
15848 4329.9820
15851 4356.5137
15855 164.0286
15856 4299.8490
15860 4050.3536
15865 4356.2130
15868 4358.9176
15871 4358.6169
15872 4387.5700
15874 3737.9116
15879 4051.8461
15880 4173.9787
15887 2840.0747
15894 4309.6145
15895 4261.4706
15896 4358.6169
15897 3298.9346
15902 3966.9303
15904 4292.0992
15908 1666.6500
15909 4359.7391
15913 4133.4762
15920 4260.8180
15925 4356.2130
15926 4358.6169
15927 4332.6796
15931 3356.4173
15933 4299.3967
15935 4171.9396
15945 3678.5756
15946 556.6127
15949 4295.6849
15951 134.8203
15957 4361.3250
15961 4387.5700
15962 4332.3789
15964 4358.6239
15968 376.1428
15970 4199.7989
15971 4295.3277
15982 3006.4913
15989 4297.1129
15991 4165.1662
15994 2167.2151
15996 4330.2757
16001 4359.6926
16003 4260.1593
16010 4291.2010
16015 199.9486
16020 4355.1467
16022 572.1227
16024 4224.6258
16027 132.3856
16032 4261.7864
16035 4333.5011
16038 4321.5630
16039 4354.3252
16041 4302.7397
16043 4259.1131
16046 4196.1244
16051 4292.5620
16052 4226.7553
16053 3232.6565
16058 4330.2757
16059 4387.5700
16061 4296.9372
16064 4329.9820
16068 4200.7445
16073 4229.4892
16075 3999.5563
16079 4361.3250
16080 4297.9903
16081 4296.8771
16084 2384.4977
16085 4387.5700
16088 3798.1112
16089 4293.2274
16094 4359.3231
16101 688.2604
16102 4295.8585
16103 4300.1816
16105 4358.6239
16106 4229.4892
16110 4359.0294
16120 239.2016
16124 163.3042
16126 727.2166
16128 4295.0835
16129 3179.6428
16136 4226.0314
16142 4233.0686
16144 4196.2716
16145 1442.3594
16146 4356.5137
16148 482.7727
16155 4293.1722
16156 3387.4104
16161 4327.1363
16162 183.9828
16166 205.2115
16167 254.9410
16176 220.5016
16178 4292.6297
16184 391.3371
16185 4329.6212
16187 4360.5132
16188 134.5524
16189 4234.1139
16190 4298.1741
16191 3902.9147
16192 4294.4232
16195 4293.6915
16196 4358.9176
16198 4359.7155
16202 3380.6282
16206 4387.5700
16208 4090.9972
16210 155.4257
16212 4297.4875
16216 4291.7896
16218 4295.9941
16227 4292.3998
16228 272.7079
16229 4387.5630
16230 4356.2200
16232 2864.6008
16233 4340.3035
16240 4356.2200
16244 4298.2694
16245 2795.6443
16246 4332.3789
16248 4177.5887
16253 3286.5563
16255 4356.2130
16257 4331.2933
16264 4304.1338
16265 415.1093
16278 4322.7592
16282 4329.9820
16288 4239.0017
16292 4294.6275
16295 4298.1543
16298 4293.9707
16304 4332.6796
16308 4329.3832
16309 4026.6434
16311 785.4422
16312 152.4378
16316 4260.5402
16317 4387.8637
16327 4324.4577
16329 4294.6726
16338 4296.6991
16341 4295.8447
16342 4364.5754
16344 994.2031
16348 4296.7015
16354 4304.7616
16359 4329.9820
16362 4387.5630
16363 4329.9820
16364 3962.3859
16368 4357.3351
16370 4330.7465
16371 4325.7983
16372 565.9100
16373 4327.1418
16374 4332.5202
16376 152.9195
16377 4295.2566
16382 4297.0701
16383 3128.0876
16390 171.4202
16393 3204.0100
16395 4357.1949
16397 4358.6239
16409 4330.7695
16412 4258.3585
16413 4326.5738
16415 4295.8054
16416 3562.2999
16419 4331.3571
16420 4224.3850
16421 4326.5093
16427 3078.2815
16429 278.5641
16433 4324.7297
16434 4259.4954
16435 4072.7592
16437 4329.9820
16439 4323.9796
16440 4322.8672
16443 4087.4558
16451 882.0971
16452 4387.5700
16458 4302.1511
16462 4387.5700
16463 4292.0962
16464 281.2076
16467 4358.9814
16469 4295.3777
16473 177.4115
16474 4298.6245
16478 4297.4065
16482 4387.8637
16484 4358.9176
16489 2949.2761
16497 4326.5808
16499 1971.2499
16501 4222.7180
16502 4299.4325
16508 134.4209
16513 4361.3250
16516 4356.2130
16520 3146.2462
16522 4358.6239
16525 4293.6915
16527 4359.7155
16528 4294.9132
16529 190.4918
16531 4294.5130
16533 4290.9890
16536 4301.4579
16539 642.7603
16541 167.2578
16544 4303.0071
16547 4325.5047
16548 4361.6257
16554 4301.1303
16559 4289.9350
16560 4292.7313
16570 3733.4938
16574 4356.5137
16575 4297.2611
16576 135.1293
16577 4332.3789
16580 3675.8826
16581 235.1793
16584 4359.7391
16593 3589.1801
16594 4358.6239
16599 4087.4558
16600 4294.9659
16604 4288.8891
16609 3771.2832
16610 4292.6297
16614 4328.6662
16615 217.5502
16616 4074.6424
16621 4230.6988
16627 4360.1445
16630 4040.6908
16632 4322.8672
16634 4259.4669
16636 4361.6257
16638 176.5287
16644 4387.5700
16645 1853.3690
16647 4327.1488
16649 4362.4471
16651 4361.3250
16653 3268.7365
16658 4302.6514
16659 4358.6169
16660 4292.4151
16663 1653.3866
16668 191.2899
16671 4294.5036
16673 4354.6441
16674 4293.2925
16675 161.7164
16677 4292.9238
16680 140.7588
16683 4332.3789
16684 4326.5808
16690 4297.1707
16693 4256.5720
16700 4063.3824
16708 4358.6169
16709 4358.9176
16710 4387.5630
16711 3858.0400
16716 4358.9176
16717 4262.8781
16724 4387.5630
16727 4290.4508
16729 383.8375
16731 4325.3480
16733 4361.3250
16734 4327.6794
16737 4329.5527
16738 4224.8972
16739 4354.3252
16745 3655.1116
16746 4300.9038
16747 4327.6724
16757 4331.2933
16758 3770.0692
16764 4057.4243
16772 4358.6239
16773 4028.9045
16775 2103.3224
16777 4358.6169
16779 3025.8055
16781 4195.4312
16788 4291.5168
16794 4303.6084
16796 4257.5836
16798 4301.8634
16801 4329.9820
16807 4290.0112
16810 4146.1467
16817 4327.6724
16827 4300.0551
16829 134.1651
16832 4387.5700
16833 4329.9820
16836 4387.5630
16837 4328.7946
16838 244.5930
16839 4325.8960
16843 4354.1658
16846 4290.0112
16847 3231.5669
16851 4331.8916
16852 4387.5700
16856 4354.0245
16857 150.8880
16858 4291.0449
16859 136.8427
16863 4358.6239
16867 4356.5137
16868 4357.3351
16873 4330.2757
16874 4243.0047
16875 3052.0435
16878 4356.5137
16880 2501.9778
16889 3980.5510
16890 2660.3209
16893 695.6072
16896 4292.5017
16898 4356.5137
16900 158.5171
16903 4321.7720
16904 4228.4776
16905 4296.8460
16907 541.4076
16910 4358.9176
16911 169.6582
16912 4290.0112
16916 4330.2757
16918 4361.3250
16922 4354.9672
16928 4327.2957
16929 4294.9132
16931 4324.1683
16933 4327.6794
16936 4291.5168
16938 4301.1703
16939 4233.2096
16941 4358.9176
16948 228.3654
16954 4324.4577
16957 4254.9714
16958 3750.8696
16961 4013.7385
16965 4332.3859
16967 4293.1722
16973 615.4834
16975 4354.0245
16978 4300.6365
16979 269.7201
16981 4330.7765
16984 4358.6169
16986 3857.7459
16988 4358.6239
16994 4291.5172
16998 4293.6915
17000 4358.6239
17005 4387.5700
17008 4356.2200
17010 193.2446
17011 4233.9027
17012 4259.1754
17013 4294.3621
17017 4333.5011
17024 4200.3449
17027 4295.0835
17030 155.2392
17031 4291.3386
17033 4387.5700
17036 4335.5280
17042 4332.3789
17043 4303.4728
17046 4356.2200
17048 142.4950
17056 697.6920
17057 4295.0726
17064 4087.4558
17068 4331.2933
17069 4358.9176
17077 4387.5700
17081 4259.2197
17083 4354.6441
17086 4333.0601
17088 4358.9176
17093 3925.9409
17096 4225.1468
17100 4292.6297
17105 4330.0353
17107 4332.3789
17110 180.2233
17121 4359.0294
17123 4304.7546
17125 4228.4776
17130 4295.8085
17132 4293.1722
17133 4331.0971
17134 4358.6239
17148 4091.3849
17157 153.1995
17158 3837.3873
17160 4325.7121
17170 3988.2004
17172 4387.8637
17173 4294.6510
17176 1429.4294
17180 4295.5116
17186 4301.0419
17201 4358.6239
17203 2901.2345
17205 4230.5379
17207 3813.5393
17209 4292.0142
17212 4356.2130
17213 141.6814
17215 4332.9213
17216 4126.0420
17218 4297.8889
17220 3816.0799
17222 4203.9666
17223 4356.2130
17226 4262.7358
17227 4292.5284
17232 4356.2200
17235 4387.8637
17239 4388.6851
17240 4329.0237
17241 4358.9176
17244 4323.3162
17247 4358.6239
17252 4293.1722
17255 3652.2309
17258 4095.7029
17259 138.5314
17260 4329.9750
17264 4289.3357
17265 3596.2781
17268 4362.5605
17270 4121.1910
17271 4360.1445
17275 4290.0112
17278 4300.8781
17280 4221.4544
17281 4326.0246
17282 4257.2257
17289 4298.8850
17294 4137.0263
17297 4356.2130
17302 146.6612
17310 4332.3859
17313 3686.2067
17314 4353.8651
17315 4356.2130
17320 160.8453
17321 4361.3250
17322 4359.7391
17328 4332.3789
17338 4291.5168
17340 707.3852
17342 4325.0169
17343 4356.5137
17345 3623.1644
17348 4299.8490
17356 4197.7248
17358 4293.7069
17361 4356.2130
17363 4298.0857
17365 4358.9176
17370 4291.4495
17373 4166.7314
17374 4289.1692
17377 4233.7545
17379 4253.0868
17381 4332.3859
17382 4224.3879
17392 4328.3656
17394 4332.3859
17400 4196.3511
17401 3593.4730
17403 4387.8637
17408 4095.2859
17411 3854.7680
17414 4362.4471
17423 4299.6650
17425 349.9081
17428 3577.5980
17429 4329.0237
17437 4360.5132
17446 508.0149
17449 4358.6239
17451 4298.4242
17452 3877.0888
17455 4262.8781
17462 4322.5510
17464 640.2934
17467 4262.8428
17475 4297.7707
17477 4358.6239
17480 4387.5700
17483 4331.2933
17489 4358.6239
17490 3180.2339
17491 4332.3859
17500 4328.7946
17501 3970.4910
17502 1986.1845
17504 2578.7282
17511 4292.0416
17516 4333.5011
17517 157.7224
17523 4354.0315
17529 4230.7342
17531 4291.5168
17535 2609.7445
17538 4358.6169
17541 4356.5137
17544 4300.7413
17547 4230.6791
17548 147.4064
17553 4290.7419
17555 4327.7982
17556 4358.9176
17557 4293.2350
17558 4293.6915
17560 4264.6551
17561 4359.0294
17562 4301.4461
17563 4298.5629
17565 4109.6482
17566 4259.1754
17567 4358.9176
17569 4387.5700
17570 4332.3859
17574 4328.0291
17576 4257.5836
17578 4356.8476
17582 4294.4232
17585 4330.4720
17587 3711.5901
17588 4290.3270
17590 4293.7518
17592 4231.0211
17598 4261.4857
17601 4258.3585
17605 4359.7391
17607 2260.7746
17609 3546.6046
17610 242.5794
17611 4358.6239
17613 4356.2130
17614 152.0661
17619 4288.1389
17621 4133.3599
17622 4328.0872
17624 4329.9820
17628 4353.8651
17629 4136.7097
17632 4358.6169
17633 4387.5700
17634 4292.0753
17639 2952.6000
17640 4358.6169
17642 4295.3601
17644 4297.9903
17646 860.3893
17648 4293.3232
17651 4110.8846
17652 4358.6169
17659 4387.5700
17660 4329.9820
17668 4228.4204
17676 4330.2757
17678 4387.5700
17681 1969.3103
17682 4359.7155
17683 4361.3250
17684 4296.7015
17691 4228.4776
17693 4291.0449
17695 4332.3789
17700 4332.3859
17701 4289.9244
17702 4387.5700
17708 1189.1707
17709 4331.2933
17712 963.7313
17720 4299.0270
17722 2883.4567
17723 4328.9202
17724 658.5886
17727 133.5561
17728 4300.4165
17731 4153.0935
17734 185.7375
17736 4356.2130
17738 4332.3789
17742 4297.8142
17744 1848.3781
17745 4296.4264
17746 131.5813
17747 4358.9176
17748 4325.0234
17751 4293.1637
17753 4302.6514
17758 4361.3250
17759 4289.6119
17761 4291.3386
17764 2381.9858
17765 245.8674
17770 4301.3038
17771 2117.7637
17773 4293.1722
17776 226.7174
17778 4296.9669
17779 2068.7777
17783 4328.8397
17785 154.2325
17788 4099.0680
17792 4326.9747
17796 4387.5700
17803 4303.4263
17808 177.8448
17814 4387.8637
17815 4358.6169
17816 4297.3991
17819 4327.3629
17821 4259.6053
17828 245.9976
17830 4330.7695
17834 4332.3859
17836 4137.4907
17837 4299.2943
17840 4358.6239
17841 4134.9230
17848 4356.2200
17850 168.0588
17857 4295.8447
17859 4358.6239
17860 3311.1330
17866 4233.9027
17868 4293.3498
17869 4331.1985
17872 4358.6239
17873 4356.2130
17875 3644.1463
17879 4354.0315
17885 3393.0666
17889 4326.5738
17893 4330.7695
17895 4387.5630
17897 4292.6297
17899 3472.0385
17901 4293.1892
17904 4332.3789
17905 4291.5168
17912 4294.5130
17913 4303.2821
17920 4358.9176
17923 4327.1337
17925 4356.5137
17930 4111.0288
17932 4332.3789
17933 4387.5700
17934 4301.7351
17938 4387.5700
17946 4326.4002
17947 4290.0859
17948 139.7581
17949 4297.7881
17955 4297.7677
17961 219.4009
17963 4358.6239
17964 4299.2740
17966 4328.5887
17969 4265.8036
17970 137.0554
17976 4332.3789
17978 4329.9820
17980 4123.1594
17982 4134.4724
17985 3986.4568
17987 3944.3823
17988 4258.3585
17989 4303.6084
17995 1760.0529
17996 4303.2821
18001 4356.2130
18004 3798.7110
18007 4361.3250
18011 4325.1018
18013 1527.1554
18014 3733.7423
18024 4192.9445
18027 3811.6225
18031 3508.3843
18032 3789.5895
18035 4361.3250
18037 4358.9176
18041 187.8492
18042 4297.2611
18044 3915.9102
18047 3836.6925
18049 4331.2933
18052 4297.3070
18053 4292.8950
18055 3778.2313
18065 4358.9176
18071 4257.5836
18074 4299.8490
18083 4165.4968
18086 4258.3585
