layerId nodeId binId sigmaInterval_lb sigmaInterval_ub sigmaFreq
1 0 0 -0.2033840615 -0.1502916131 201
1 0 1 -0.1502916131 -0.0971991647 3874
1 0 2 -0.0971991647 -0.0441067163 7031
1 0 3 -0.0441067163 0.0089857321 5950
1 0 4 0.0089857321 0.0620781805 1129
1 0 5 0.0620781805 0.1151706289 507
1 0 6 0.1151706289 0.1682630773 124
1 0 7 0.1682630773 0.2213555257 4
1 1 0 -0.1207757900 -0.0916413486 268
1 1 1 -0.0916413486 -0.0625069072 3931
1 1 2 -0.0625069072 -0.0333724658 6944
1 1 3 -0.0333724658 -0.0042380244 6011
1 1 4 -0.0042380244 0.0248964170 977
1 1 5 0.0248964170 0.0540308584 643
1 1 6 0.0540308584 0.0831652998 34
1 1 7 0.0831652998 0.1122997412 11
1 1 8 0.1122997412 0.1414341826 1
1 2 0 -0.2460986827 -0.1944998934 128
1 2 1 -0.1944998934 -0.1429011041 2267
1 2 2 -0.1429011041 -0.0913023148 5822
1 2 3 -0.0913023148 -0.0397035255 5748
1 2 4 -0.0397035255 0.0118952638 4598
1 2 5 0.0118952638 0.0634940531 220
1 2 6 0.0634940531 0.1150928424 36
1 2 7 0.1150928424 0.1666916317 1
1 3 0 -0.0887290772 -0.0756687826 23
1 3 1 -0.0756687826 -0.0626084880 147
1 3 2 -0.0626084880 -0.0495481934 817
1 3 3 -0.0495481934 -0.0364878988 3583
1 3 4 -0.0364878988 -0.0234276042 7287
1 3 5 -0.0234276042 -0.0103673096 5608
1 3 6 -0.0103673096 0.0026929850 1240
1 3 7 0.0026929850 0.0157532796 45
1 3 8 0.0157532796 0.0288135742 37
1 3 9 0.0288135742 0.0418738688 21
1 3 10 0.0418738688 0.0549341634 7
1 3 11 0.0549341634 0.0679944580 5
1 4 0 -0.0329951881 0.2461308143 5513
1 4 1 0.2461308143 0.5252568167 5398
1 4 2 0.5252568167 0.8043828191 5760
1 4 3 0.8043828191 1.0835088215 2062
1 4 4 1.0835088215 1.3626348239 87
1 5 0 -0.0228148407 0.2884114612 5833
1 5 1 0.2884114612 0.5996377631 5652
1 5 2 0.5996377631 0.9108640650 5210
1 5 3 0.9108640650 1.2220903669 2037
1 5 4 1.2220903669 1.5333166688 88
1 6 0 -0.0250978215 0.1838617809 4863
1 6 1 0.1838617809 0.3928213833 6081
1 6 2 0.3928213833 0.6017809857 5360
1 6 3 0.6017809857 0.8107405881 2325
1 6 4 0.8107405881 1.0197001905 191
1 7 0 -0.2359021933 -0.1815818000 217
1 7 1 -0.1815818000 -0.1272614067 2654
1 7 2 -0.1272614067 -0.0729410134 6072
1 7 3 -0.0729410134 -0.0186206201 6404
1 7 4 -0.0186206201 0.0356997732 2924
1 7 5 0.0356997732 0.0900201665 452
1 7 6 0.0900201665 0.1443405598 92
1 7 7 0.1443405598 0.1986609531 5
1 8 0 -0.3033981325 -0.2489224719 91
1 8 1 -0.2489224719 -0.1944468113 1291
1 8 2 -0.1944468113 -0.1399711507 5033
1 8 3 -0.1399711507 -0.0854954901 5749
1 8 4 -0.0854954901 -0.0310198295 5952
1 8 5 -0.0310198295 0.0234558311 704
1 9 0 -0.2336883741 -0.1783549688 128
1 9 1 -0.1783549688 -0.1230215635 2062
1 9 2 -0.1230215635 -0.0676881582 5752
1 9 3 -0.0676881582 -0.0123547529 7556
1 9 4 -0.0123547529 0.0429786524 2434
1 9 5 0.0429786524 0.0983120577 726
1 9 6 0.0983120577 0.1536454630 144
1 9 7 0.1536454630 0.2089788683 17
1 9 8 0.2089788683 0.2643122736 1
1 10 0 -0.1960371209 -0.1447588153 523
1 10 1 -0.1447588153 -0.0934805097 4810
1 10 2 -0.0934805097 -0.0422022041 6584
1 10 3 -0.0422022041 0.0090761015 5649
1 10 4 0.0090761015 0.0603544071 800
1 10 5 0.0603544071 0.1116327127 409
1 10 6 0.1116327127 0.1629110183 43
1 10 7 0.1629110183 0.2141893239 2
1 11 0 -0.1473462949 -0.1153049017 509
1 11 1 -0.1153049017 -0.0832635085 3609
1 11 2 -0.0832635085 -0.0512221153 5872
1 11 3 -0.0512221153 -0.0191807221 5884
1 11 4 -0.0191807221 0.0128606711 2811
1 11 5 0.0128606711 0.0449020643 118
1 11 6 0.0449020643 0.0769434575 15
1 11 7 0.0769434575 0.1089848507 2
1 12 0 -0.0090449395 0.2609410465 4406
1 12 1 0.2609410465 0.5309270325 5881
1 12 2 0.5309270325 0.8009130185 5548
1 12 3 0.8009130185 1.0708990045 2774
1 12 4 1.0708990045 1.3408849905 211
1 13 0 -0.0067635950 0.1552236217 2813
1 13 1 0.1552236217 0.3172108384 6964
1 13 2 0.3172108384 0.4791980551 5275
1 13 3 0.4791980551 0.6411852718 3165
1 13 4 0.6411852718 0.8031724885 585
1 13 5 0.8031724885 0.9651597052 18
1 14 0 -0.1276227754 -0.0975102873 264
1 14 1 -0.0975102873 -0.0673977992 2945
1 14 2 -0.0673977992 -0.0372853111 6052
1 14 3 -0.0372853111 -0.0071728230 6577
1 14 4 -0.0071728230 0.0229396651 2509
1 14 5 0.0229396651 0.0530521532 392
1 14 6 0.0530521532 0.0831646413 55
1 14 7 0.0831646413 0.1132771294 25
1 14 8 0.1132771294 0.1433896175 1
1 15 0 -0.0329438092 0.2362712416 4883
1 15 1 0.2362712416 0.5054862924 6033
1 15 2 0.5054862924 0.7747013432 5288
1 15 3 0.7747013432 1.0439163940 2380
1 15 4 1.0439163940 1.3131314448 236
1 16 0 -0.2326861542 -0.1829569659 158
1 16 1 -0.1829569659 -0.1332277776 2613
1 16 2 -0.1332277776 -0.0834985893 6295
1 16 3 -0.0834985893 -0.0337694010 5683
1 16 4 -0.0337694010 0.0159597873 3655
1 16 5 0.0159597873 0.0656889756 377
1 16 6 0.0656889756 0.1154181639 38
1 16 7 0.1154181639 0.1651473522 1
1 17 0 0.0462286071 0.2283632197 3507
1 17 1 0.2283632197 0.4104978323 4552
1 17 2 0.4104978323 0.5926324449 6601
1 17 3 0.5926324449 0.7747670575 3781
1 17 4 0.7747670575 0.9569016701 375
1 17 5 0.9569016701 1.1390362827 4
1 18 0 0.0052078185 0.2283944412 3395
1 18 1 0.2283944412 0.4515810639 5594
1 18 2 0.4515810639 0.6747676866 5767
1 18 3 0.6747676866 0.8979543093 3690
1 18 4 0.8979543093 1.1211409320 372
1 18 5 1.1211409320 1.3443275547 2
1 19 0 -0.0120429411 0.1755940822 4291
1 19 1 0.1755940822 0.3632311055 5912
1 19 2 0.3632311055 0.5508681288 5580
1 19 3 0.5508681288 0.7385051521 2739
1 19 4 0.7385051521 0.9261421754 295
1 19 5 0.9261421754 1.1137791987 3
1 20 0 -0.2144863628 -0.1695616623 248
1 20 1 -0.1695616623 -0.1246369618 3290
1 20 2 -0.1246369618 -0.0797122613 6155
1 20 3 -0.0797122613 -0.0347875608 5309
1 20 4 -0.0347875608 0.0101371397 3741
1 20 5 0.0101371397 0.0550618402 70
1 20 6 0.0550618402 0.0999865407 7
1 21 0 -0.1292091048 -0.0999823874 176
1 21 1 -0.0999823874 -0.0707556700 3128
1 21 2 -0.0707556700 -0.0415289526 6069
1 21 3 -0.0415289526 -0.0123022352 6706
1 21 4 -0.0123022352 0.0169244822 2309
1 21 5 0.0169244822 0.0461511996 276
1 21 6 0.0461511996 0.0753779170 124
1 21 7 0.0753779170 0.1046046344 23
1 21 8 0.1046046344 0.1338313518 8
1 21 9 0.1338313518 0.1630580692 1
1 22 0 -0.0067403358 0.2399302261 3966
1 22 1 0.2399302261 0.4866007880 5695
1 22 2 0.4866007880 0.7332713499 5952
1 22 3 0.7332713499 0.9799419118 2857
1 22 4 0.9799419118 1.2266124737 346
1 22 5 1.2266124737 1.4732830356 4
1 23 0 -0.0153783459 0.0967967327 4208
1 23 1 0.0967967327 0.2089718113 6162
1 23 2 0.2089718113 0.3211468899 5427
1 23 3 0.3211468899 0.4333219685 2671
1 23 4 0.4333219685 0.5454970471 329
1 23 5 0.5454970471 0.6576721257 23
1 24 0 -0.2022143003 -0.1599041275 211
1 24 1 -0.1599041275 -0.1175939547 3118
1 24 2 -0.1175939547 -0.0752837819 5827
1 24 3 -0.0752837819 -0.0329736091 5835
1 24 4 -0.0329736091 0.0093365637 3687
1 24 5 0.0093365637 0.0516467365 93
1 24 6 0.0516467365 0.0939569093 41
1 24 7 0.0939569093 0.1362670821 7
1 24 8 0.1362670821 0.1785772549 1
1 25 0 -0.0202687044 0.2556718895 5903
1 25 1 0.2556718895 0.5316124834 5535
1 25 2 0.5316124834 0.8075530773 5460
1 25 3 0.8075530773 1.0834936712 1895
1 25 4 1.0834936712 1.3594342651 27
1 26 0 -0.1394244344 -0.1113557846 229
1 26 1 -0.1113557846 -0.0832871348 2994
1 26 2 -0.0832871348 -0.0552184850 6137
1 26 3 -0.0552184850 -0.0271498352 5412
1 26 4 -0.0271498352 0.0009188146 4019
1 26 5 0.0009188146 0.0289874644 25
1 26 6 0.0289874644 0.0570561142 1
1 26 7 0.0570561142 0.0851247640 3
1 27 0 -0.0291201935 0.1540766816 5000
1 27 1 0.1540766816 0.3372735567 6250
1 27 2 0.3372735567 0.5204704318 4811
1 27 3 0.5204704318 0.7036673069 2552
1 27 4 0.7036673069 0.8868641820 207
1 28 0 -0.0463452950 0.1950010909 6350
1 28 1 0.1950010909 0.4363474768 5778
1 28 2 0.4363474768 0.6776938627 4817
1 28 3 0.6776938627 0.9190402486 1757
1 28 4 0.9190402486 1.1603866345 117
1 28 5 1.1603866345 1.4017330204 1
1 29 0 -0.1380732184 -0.1145271093 81
1 29 1 -0.1145271093 -0.0909810002 1246
1 29 2 -0.0909810002 -0.0674348911 3924
1 29 3 -0.0674348911 -0.0438887820 6377
1 29 4 -0.0438887820 -0.0203426729 5838
1 29 5 -0.0203426729 0.0032034362 1335
1 29 6 0.0032034362 0.0267495453 14
1 29 7 0.0267495453 0.0502956544 5
1 30 0 -0.2210682775 -0.1772286127 133
1 30 1 -0.1772286127 -0.1333889479 2756
1 30 2 -0.1333889479 -0.0895492831 5543
1 30 3 -0.0895492831 -0.0457096183 5816
1 30 4 -0.0457096183 -0.0018699535 4558
1 30 5 -0.0018699535 0.0419697113 14
1 31 0 -0.0158682385 0.1601868543 4295
1 31 1 0.1601868543 0.3362419471 5924
1 31 2 0.3362419471 0.5122970399 5676
1 31 3 0.5122970399 0.6883521327 2579
1 31 4 0.6883521327 0.8644072255 341
1 31 5 0.8644072255 1.0404623183 5
1 32 0 -0.0115670567 0.1514255130 2904
1 32 1 0.1514255130 0.3144180827 6327
1 32 2 0.3144180827 0.4774106524 5400
1 32 3 0.4774106524 0.6404032221 3761
1 32 4 0.6404032221 0.8033957918 420
1 32 5 0.8033957918 0.9663883615 8
1 33 0 -0.1530704112 -0.1225351421 118
1 33 1 -0.1225351421 -0.0919998730 1885
1 33 2 -0.0919998730 -0.0614646039 6033
1 33 3 -0.0614646039 -0.0309293348 6340
1 33 4 -0.0309293348 -0.0003940657 4007
1 33 5 -0.0003940657 0.0301412034 336
1 33 6 0.0301412034 0.0606764725 75
1 33 7 0.0606764725 0.0912117416 22
1 33 8 0.0912117416 0.1217470107 4
1 34 0 -0.0254856842 0.2475641852 5239
1 34 1 0.2475641852 0.5206140546 5744
1 34 2 0.5206140546 0.7936639240 5444
1 34 3 0.7936639240 1.0667137934 2134
1 34 4 1.0667137934 1.3397636628 251
1 34 5 1.3397636628 1.6128135322 8
1 35 0 -0.0043974953 0.1991578514 3647
1 35 1 0.1991578514 0.4027131981 5390
1 35 2 0.4027131981 0.6062685448 5991
1 35 3 0.6062685448 0.8098238915 3491
1 35 4 0.8098238915 1.0133792382 298
1 35 5 1.0133792382 1.2169345849 3
1 36 0 -0.0323641718 0.2113523031 5309
1 36 1 0.2113523031 0.4550687780 5409
1 36 2 0.4550687780 0.6987852529 5838
1 36 3 0.6987852529 0.9425017278 2168
1 36 4 0.9425017278 1.1862182027 95
1 36 5 1.1862182027 1.4299346776 1
1 37 0 -0.1283939039 -0.1030753076 22
1 37 1 -0.1030753076 -0.0777567113 1371
1 37 2 -0.0777567113 -0.0524381150 5770
1 37 3 -0.0524381150 -0.0271195187 5624
1 37 4 -0.0271195187 -0.0018009224 5446
1 37 5 -0.0018009224 0.0235176739 427
1 37 6 0.0235176739 0.0488362702 126
1 37 7 0.0488362702 0.0741548665 26
1 37 8 0.0741548665 0.0994734628 7
1 37 9 0.0994734628 0.1247920591 1
1 38 0 -0.0289164462 0.0782451372 6877
1 38 1 0.0782451372 0.1854067206 6231
1 38 2 0.1854067206 0.2925683040 3794
1 38 3 0.2925683040 0.3997298874 1715
1 38 4 0.3997298874 0.5068914708 203
1 39 0 -0.0085619734 0.2329680953 3972
1 39 1 0.2329680953 0.4744981640 5737
1 39 2 0.4744981640 0.7160282327 5882
1 39 3 0.7160282327 0.9575583014 2858
1 39 4 0.9575583014 1.1990883701 366
1 39 5 1.1990883701 1.4406184388 5
1 40 0 -0.1539743166 -0.1224447866 518
1 40 1 -0.1224447866 -0.0909152566 4416
1 40 2 -0.0909152566 -0.0593857266 5764
1 40 3 -0.0593857266 -0.0278561966 5947
1 40 4 -0.0278561966 0.0036733334 2139
1 40 5 0.0036733334 0.0352028634 29
1 40 6 0.0352028634 0.0667323934 6
1 40 7 0.0667323934 0.0982619234 1
1 41 0 -0.0288740747 0.2074048531 4401
1 41 1 0.2074048531 0.4436837809 6141
1 41 2 0.4436837809 0.6799627087 5780
1 41 3 0.6799627087 0.9162416365 2266
1 41 4 0.9162416365 1.1525205643 232
1 42 0 -0.1179506211 -0.0907410027 623
1 42 1 -0.0907410027 -0.0635313843 3701
1 42 2 -0.0635313843 -0.0363217659 6052
1 42 3 -0.0363217659 -0.0091121475 6575
1 42 4 -0.0091121475 0.0180974709 1609
1 42 5 0.0180974709 0.0453070893 190
1 42 6 0.0453070893 0.0725167077 40
1 42 7 0.0725167077 0.0997263261 25
1 42 8 0.0997263261 0.1269359445 1
1 42 9 0.1269359445 0.1541455629 4
1 43 0 -0.0153138598 0.1580379463 4408
1 43 1 0.1580379463 0.3313897524 5641
1 43 2 0.3313897524 0.5047415585 6037
1 43 3 0.5047415585 0.6780933646 2407
1 43 4 0.6780933646 0.8514451707 322
1 43 5 0.8514451707 1.0247969768 5
1 44 0 -0.2858904703 -0.2239001397 565
1 44 1 -0.2239001397 -0.1619098091 3829
1 44 2 -0.1619098091 -0.0999194785 5699
1 44 3 -0.0999194785 -0.0379291479 5751
1 44 4 -0.0379291479 0.0240611827 2937
1 44 5 0.0240611827 0.0860515133 38
1 44 6 0.0860515133 0.1480418439 1
1 45 0 -0.0405943184 0.2002433219 6961
1 45 1 0.2002433219 0.4410809622 5855
1 45 2 0.4410809622 0.6819186025 4320
1 45 3 0.6819186025 0.9227562428 1633
1 45 4 0.9227562428 1.1635938831 51
1 46 0 -0.0455505817 0.1770692535 7687
1 46 1 0.1770692535 0.3996890887 5364
1 46 2 0.3996890887 0.6223089239 4345
1 46 3 0.6223089239 0.8449287591 1382
1 46 4 0.8449287591 1.0675485943 42
1 47 0 -0.2059038247 -0.1613011834 147
1 47 1 -0.1613011834 -0.1166985421 1872
1 47 2 -0.1166985421 -0.0720959008 5853
1 47 3 -0.0720959008 -0.0274932595 5930
1 47 4 -0.0274932595 0.0171093818 4479
1 47 5 0.0171093818 0.0617120231 432
1 47 6 0.0617120231 0.1063146644 98
1 47 7 0.1063146644 0.1509173057 8
1 47 8 0.1509173057 0.1955199470 1
1 48 0 -0.1049994970 -0.0647549281 766
1 48 1 -0.0647549281 -0.0245103592 7994
1 48 2 -0.0245103592 0.0157342097 6868
1 48 3 0.0157342097 0.0559787786 1765
1 48 4 0.0559787786 0.0962233475 941
1 48 5 0.0962233475 0.1364679164 454
1 48 6 0.1364679164 0.1767124853 28
1 48 7 0.1767124853 0.2169570542 4
1 49 0 -0.2206931950 -0.1733743183 621
1 49 1 -0.1733743183 -0.1260554416 4038
1 49 2 -0.1260554416 -0.0787365649 5664
1 49 3 -0.0787365649 -0.0314176882 6186
1 49 4 -0.0314176882 0.0159011885 2273
1 49 5 0.0159011885 0.0632200652 36
1 49 6 0.0632200652 0.1105389419 1
1 49 7 0.1105389419 0.1578578186 1
1 50 0 -0.0244843143 0.1973348510 5636
1 50 1 0.1973348510 0.4191540163 5707
1 50 2 0.4191540163 0.6409731816 5483
1 50 3 0.6409731816 0.8627923469 1951
1 50 4 0.8627923469 1.0846115122 43
1 51 0 -0.1412910179 -0.1020443295 294
1 51 1 -0.1020443295 -0.0627976411 3133
1 51 2 -0.0627976411 -0.0235509527 8198
1 51 3 -0.0235509527 0.0156957357 5424
1 51 4 0.0156957357 0.0549424241 915
1 51 5 0.0549424241 0.0941891125 663
1 51 6 0.0941891125 0.1334358009 148
1 51 7 0.1334358009 0.1726824893 42
1 51 8 0.1726824893 0.2119291777 2
1 51 9 0.2119291777 0.2511758661 1
1 52 0 -0.1593190456 -0.1244812571 101
1 52 1 -0.1244812571 -0.0896434686 2593
1 52 2 -0.0896434686 -0.0548056801 6184
1 52 3 -0.0548056801 -0.0199678916 5917
1 52 4 -0.0199678916 0.0148698969 3491
1 52 5 0.0148698969 0.0497076854 433
1 52 6 0.0497076854 0.0845454739 80
1 52 7 0.0845454739 0.1193832624 18
1 52 8 0.1193832624 0.1542210509 3
1 53 0 -0.0095228391 0.1852305560 3526
1 53 1 0.1852305560 0.3799839511 5619
1 53 2 0.3799839511 0.5747373462 6162
1 53 3 0.5747373462 0.7694907413 2966
1 53 4 0.7694907413 0.9642441364 538
1 53 5 0.9642441364 1.1589975315 9
1 54 0 -0.0113559576 0.1706599361 3822
1 54 1 0.1706599361 0.3526758298 5344
1 54 2 0.3526758298 0.5346917235 5978
1 54 3 0.5346917235 0.7167076172 3457
1 54 4 0.7167076172 0.8987235109 219
1 55 0 -0.0270875448 0.2302344874 6370
1 55 1 0.2302344874 0.4875565196 5642
1 55 2 0.4875565196 0.7448785518 5055
1 55 3 0.7448785518 1.0022005840 1709
1 55 4 1.0022005840 1.2595226162 44
1 56 0 -0.1231839220 -0.0798211303 1440
1 56 1 -0.0798211303 -0.0364583386 6848
1 56 2 -0.0364583386 0.0069044531 7815
1 56 3 0.0069044531 0.0502672448 1450
1 56 4 0.0502672448 0.0936300365 900
1 56 5 0.0936300365 0.1369928282 308
1 56 6 0.1369928282 0.1803556199 53
1 56 7 0.1803556199 0.2237184116 6
1 57 0 -0.1636805220 -0.1333370889 98
1 57 1 -0.1333370889 -0.1029936558 1997
1 57 2 -0.1029936558 -0.0726502227 5519
1 57 3 -0.0726502227 -0.0423067896 5763
1 57 4 -0.0423067896 -0.0119633565 5003
1 57 5 -0.0119633565 0.0183800766 391
1 57 6 0.0183800766 0.0487235097 44
1 57 7 0.0487235097 0.0790669428 5
1 58 0 -0.1581800607 -0.1228289942 339
1 58 1 -0.1228289942 -0.0874779277 3689
1 58 2 -0.0874779277 -0.0521268612 6265
1 58 3 -0.0521268612 -0.0167757947 5596
1 58 4 -0.0167757947 0.0185752718 2705
1 58 5 0.0185752718 0.0539263383 186
1 58 6 0.0539263383 0.0892774048 38
1 58 7 0.0892774048 0.1246284713 2
1 59 0 -0.0278649007 0.2024497017 5816
1 59 1 0.2024497017 0.4327643041 5860
1 59 2 0.4327643041 0.6630789065 5229
1 59 3 0.6630789065 0.8933935089 1840
1 59 4 0.8933935089 1.1237081113 75
1 60 0 -0.0270644731 0.1645780168 5043
1 60 1 0.1645780168 0.3562205067 5864
1 60 2 0.3562205067 0.5478629966 5428
1 60 3 0.5478629966 0.7395054865 2314
1 60 4 0.7395054865 0.9311479764 171
1 61 0 -0.2616697350 -0.2105474735 59
1 61 1 -0.2105474735 -0.1594252120 1727
1 61 2 -0.1594252120 -0.1083029505 5371
1 61 3 -0.1083029505 -0.0571806890 5552
1 61 4 -0.0571806890 -0.0060584275 5598
1 61 5 -0.0060584275 0.0450638340 469
1 61 6 0.0450638340 0.0961860955 41
1 61 7 0.0961860955 0.1473083570 3
1 62 0 -0.2313097572 -0.1839774460 276
1 62 1 -0.1839774460 -0.1366451348 3484
1 62 2 -0.1366451348 -0.0893128236 5790
1 62 3 -0.0893128236 -0.0419805124 5487
1 62 4 -0.0419805124 0.0053517988 3776
1 62 5 0.0053517988 0.0526841100 7
1 63 0 -0.1383403494 -0.0943417269 222
1 63 1 -0.0943417269 -0.0503431044 5615
1 63 2 -0.0503431044 -0.0063444819 8675
1 63 3 -0.0063444819 0.0376541406 2807
1 63 4 0.0376541406 0.0816527631 917
1 63 5 0.0816527631 0.1256513856 372
1 63 6 0.1256513856 0.1696500081 141
1 63 7 0.1696500081 0.2136486306 47
1 63 8 0.2136486306 0.2576472531 20
1 63 9 0.2576472531 0.3016458756 4
1 64 0 -0.2134834188 -0.1674731491 324
1 64 1 -0.1674731491 -0.1214628794 2934
1 64 2 -0.1214628794 -0.0754526097 6115
1 64 3 -0.0754526097 -0.0294423400 5726
1 64 4 -0.0294423400 0.0165679297 3528
1 64 5 0.0165679297 0.0625781994 169
1 64 6 0.0625781994 0.1085884691 21
1 64 7 0.1085884691 0.1545987388 3
1 65 0 -0.2296516986 -0.1789820182 566
1 65 1 -0.1789820182 -0.1283123378 3371
1 65 2 -0.1283123378 -0.0776426574 5745
1 65 3 -0.0776426574 -0.0269729770 6237
1 65 4 -0.0269729770 0.0236967034 2752
1 65 5 0.0236967034 0.0743663838 111
1 65 6 0.0743663838 0.1250360642 34
1 65 7 0.1250360642 0.1757057446 4
1 66 0 -0.0072450634 0.1701276394 3249
1 66 1 0.1701276394 0.3475003422 5799
1 66 2 0.3475003422 0.5248730450 6264
1 66 3 0.5248730450 0.7022457478 3008
1 66 4 0.7022457478 0.8796184506 484
1 66 5 0.8796184506 1.0569911534 16
1 67 0 -0.0137953305 0.2300103773 5002
1 67 1 0.2300103773 0.4738160851 5752
1 67 2 0.4738160851 0.7176217929 5408
1 67 3 0.7176217929 0.9614275007 2441
1 67 4 0.9614275007 1.2052332085 214
1 67 5 1.2052332085 1.4490389163 3
1 68 0 -0.0293613939 0.0431590935 8012
1 68 1 0.0431590935 0.1156795809 5225
1 68 2 0.1156795809 0.1882000683 4010
1 68 3 0.1882000683 0.2607205557 1468
1 68 4 0.2607205557 0.3332410431 105
1 69 0 -0.0158940196 0.2127226066 4537
1 69 1 0.2127226066 0.4413392328 6261
1 69 2 0.4413392328 0.6699558590 5531
1 69 3 0.6699558590 0.8985724852 2157
1 69 4 0.8985724852 1.1271891114 328
1 69 5 1.1271891114 1.3558057376 6
1 70 0 -0.0082718996 0.2114145299 4114
1 70 1 0.2114145299 0.4311009594 5996
1 70 2 0.4311009594 0.6507873889 5468
1 70 3 0.6507873889 0.8704738184 2997
1 70 4 0.8704738184 1.0901602479 245
1 71 0 -0.1444652494 -0.1160535916 206
1 71 1 -0.1160535916 -0.0876419338 2316
1 71 2 -0.0876419338 -0.0592302760 5799
1 71 3 -0.0592302760 -0.0308186182 6080
1 71 4 -0.0308186182 -0.0024069604 4162
1 71 5 -0.0024069604 0.0260046974 213
1 71 6 0.0260046974 0.0544163552 34
1 71 7 0.0544163552 0.0828280130 8
1 71 8 0.0828280130 0.1112396708 1
1 71 9 0.1112396708 0.1396513286 1
1 72 0 -0.2674907322 -0.2144524649 255
1 72 1 -0.2144524649 -0.1614141976 2640
1 72 2 -0.1614141976 -0.1083759303 5454
1 72 3 -0.1083759303 -0.0553376630 6028
1 72 4 -0.0553376630 -0.0022993957 4403
1 72 5 -0.0022993957 0.0507388716 38
1 72 6 0.0507388716 0.1037771389 2
1 73 0 -0.1168532667 -0.0885162830 303
1 73 1 -0.0885162830 -0.0601792993 3937
1 73 2 -0.0601792993 -0.0318423156 7124
1 73 3 -0.0318423156 -0.0035053319 5977
1 73 4 -0.0035053319 0.0248316518 965
1 73 5 0.0248316518 0.0531686355 336
1 73 6 0.0531686355 0.0815056192 121
1 73 7 0.0815056192 0.1098426029 47
1 73 8 0.1098426029 0.1381795866 9
1 73 9 0.1381795866 0.1665165703 1
1 74 0 -0.2058504744 -0.1617172175 312
1 74 1 -0.1617172175 -0.1175839606 3630
1 74 2 -0.1175839606 -0.0734507037 6174
1 74 3 -0.0734507037 -0.0293174468 5042
1 74 4 -0.0293174468 0.0148158101 3558
1 74 5 0.0148158101 0.0589490670 93
1 74 6 0.0589490670 0.1030823239 10
1 74 7 0.1030823239 0.1472155808 1
1 75 0 -0.1204794598 -0.0863898466 435
1 75 1 -0.0863898466 -0.0523002334 4307
1 75 2 -0.0523002334 -0.0182106202 8030
1 75 3 -0.0182106202 0.0158789930 4744
1 75 4 0.0158789930 0.0499686062 742
1 75 5 0.0499686062 0.0840582194 304
1 75 6 0.0840582194 0.1181478326 198
1 75 7 0.1181478326 0.1522374458 42
1 75 8 0.1522374458 0.1863270590 18
1 76 0 -0.0166811715 0.1876548153 4990
1 76 1 0.1876548153 0.3919908021 5863
1 76 2 0.3919908021 0.5963267889 5720
1 76 3 0.5963267889 0.8006627757 1969
1 76 4 0.8006627757 1.0049987625 275
1 76 5 1.0049987625 1.2093347493 3
1 77 0 -0.2049974989 -0.1561956263 323
1 77 1 -0.1561956263 -0.1073937537 4580
1 77 2 -0.1073937537 -0.0585918811 6167
1 77 3 -0.0585918811 -0.0097900085 5448
1 77 4 -0.0097900085 0.0390118641 1957
1 77 5 0.0390118641 0.0878137367 327
1 77 6 0.0878137367 0.1366156093 18
1 78 0 -0.0283139299 0.2234587616 6463
1 78 1 0.2234587616 0.4752314531 5669
1 78 2 0.4752314531 0.7270041446 4759
1 78 3 0.7270041446 0.9787768361 1891
1 78 4 0.9787768361 1.2305495276 38
1 79 0 -0.2245055283 -0.1728151206 277
1 79 1 -0.1728151206 -0.1211247129 4094
1 79 2 -0.1211247129 -0.0694343052 6182
1 79 3 -0.0694343052 -0.0177438975 5593
1 79 4 -0.0177438975 0.0339465102 2333
1 79 5 0.0339465102 0.0856369179 320
1 79 6 0.0856369179 0.1373273256 20
1 79 7 0.1373273256 0.1890177333 1
1 80 0 -0.1774317444 -0.1165204554 875
1 80 1 -0.1165204554 -0.0556091664 7414
1 80 2 -0.0556091664 0.0053021226 7323
1 80 3 0.0053021226 0.0662134116 1796
1 80 4 0.0662134116 0.1271247006 1000
1 80 5 0.1271247006 0.1880359896 390
1 80 6 0.1880359896 0.2489472786 22
1 81 0 -0.0189707291 0.2069894345 5727
1 81 1 0.2069894345 0.4329495981 6019
1 81 2 0.4329495981 0.6589097617 4984
1 81 3 0.6589097617 0.8848699253 1960
1 81 4 0.8848699253 1.1108300889 130
1 82 0 -0.0909351765 -0.0752794885 19
1 82 1 -0.0752794885 -0.0596238005 513
1 82 2 -0.0596238005 -0.0439681125 3687
1 82 3 -0.0439681125 -0.0283124245 4911
1 82 4 -0.0283124245 -0.0126567365 7517
1 82 5 -0.0126567365 0.0029989515 2090
1 82 6 0.0029989515 0.0186546395 51
1 82 7 0.0186546395 0.0343103275 20
1 82 8 0.0343103275 0.0499660155 9
1 82 9 0.0499660155 0.0656217035 2
1 82 11 0.0812773915 0.0969330795 1
1 83 0 -0.2621862549 -0.2093803397 91
1 83 1 -0.2093803397 -0.1565744245 1803
1 83 2 -0.1565744245 -0.1037685093 5356
1 83 3 -0.1037685093 -0.0509625941 5709
1 83 4 -0.0509625941 0.0018433211 5665
1 83 5 0.0018433211 0.0546492363 175
1 83 6 0.0546492363 0.1074551515 17
1 83 7 0.1074551515 0.1602610667 4
1 84 0 -0.0223515312 0.1971252625 5509
1 84 1 0.1971252625 0.4166020562 6071
1 84 2 0.4166020562 0.6360788499 4953
1 84 3 0.6360788499 0.8555556436 2177
1 84 4 0.8555556436 1.0750324373 110
1 85 0 -0.1610021699 -0.1276061505 492
1 85 1 -0.1276061505 -0.0942101311 3973
1 85 2 -0.0942101311 -0.0608141117 5783
1 85 3 -0.0608141117 -0.0274180923 5536
1 85 4 -0.0274180923 0.0059779271 3014
1 85 5 0.0059779271 0.0393739465 18
1 85 6 0.0393739465 0.0727699659 4
1 86 0 -0.1642469322 -0.1318450005 68
1 86 1 -0.1318450005 -0.0994430688 1765
1 86 2 -0.0994430688 -0.0670411371 3968
1 86 3 -0.0670411371 -0.0346392054 5897
1 86 4 -0.0346392054 -0.0022372737 6800
1 86 5 -0.0022372737 0.0301646580 287
1 86 6 0.0301646580 0.0625665897 33
1 86 7 0.0625665897 0.0949685214 2
1 87 0 -0.0121065620 0.2324413773 5037
1 87 1 0.2324413773 0.4769893166 5350
1 87 2 0.4769893166 0.7215372559 5689
1 87 3 0.7215372559 0.9660851952 2613
1 87 4 0.9660851952 1.2106331345 131
1 88 0 -0.1505905187 -0.1169595376 67
1 88 1 -0.1169595376 -0.0833285565 1962
1 88 2 -0.0833285565 -0.0496975754 6288
1 88 3 -0.0496975754 -0.0160665943 6329
1 88 4 -0.0160665943 0.0175643868 3463
1 88 5 0.0175643868 0.0511953679 469
1 88 6 0.0511953679 0.0848263490 186
1 88 7 0.0848263490 0.1184573301 51
1 88 8 0.1184573301 0.1520883112 5
1 89 0 -0.0058590225 0.2707846337 4670
1 89 1 0.2707846337 0.5474282899 6065
1 89 2 0.5474282899 0.8240719461 5327
1 89 3 0.8240719461 1.1007156023 2479
1 89 4 1.1007156023 1.3773592585 278
1 89 5 1.3773592585 1.6540029147 1
1 90 0 -0.0101912073 0.2072090445 3385
1 90 1 0.2072090445 0.4246092963 6382
1 90 2 0.4246092963 0.6420095481 5434
1 90 3 0.6420095481 0.8594097999 3156
1 90 4 0.8594097999 1.0768100517 442
1 90 5 1.0768100517 1.2942103035 21
1 91 0 -0.0139981616 0.2189473460 4732
1 91 1 0.2189473460 0.4518928536 6012
1 91 2 0.4518928536 0.6848383612 5389
1 91 3 0.6848383612 0.9177838688 2498
1 91 4 0.9177838688 1.1507293764 189
1 92 0 -0.1206046871 -0.0792400730 939
1 92 1 -0.0792400730 -0.0378754589 5646
1 92 2 -0.0378754589 0.0034891552 8833
1 92 3 0.0034891552 0.0448537693 1798
1 92 4 0.0448537693 0.0862183834 1144
1 92 5 0.0862183834 0.1275829975 404
1 92 6 0.1275829975 0.1689476116 51
1 92 7 0.1689476116 0.2103122257 5
1 93 0 -0.2523714779 -0.2040946662 118
1 93 1 -0.2040946662 -0.1558178545 1185
1 93 2 -0.1558178545 -0.1075410428 5211
1 93 3 -0.1075410428 -0.0592642311 5668
1 93 4 -0.0592642311 -0.0109874194 5868
1 93 5 -0.0109874194 0.0372893923 736
1 93 6 0.0372893923 0.0855662040 32
1 93 7 0.0855662040 0.1338430157 2
1 94 0 -0.1542020216 -0.1195453639 640
1 94 1 -0.1195453639 -0.0848887062 3785
1 94 2 -0.0848887062 -0.0502320485 5793
1 94 3 -0.0502320485 -0.0155753908 6496
1 94 4 -0.0155753908 0.0190812669 1958
1 94 5 0.0190812669 0.0537379246 131
1 94 6 0.0537379246 0.0883945823 16
1 94 7 0.0883945823 0.1230512400 1
1 95 0 -0.0135697480 0.2693292555 5095
1 95 1 0.2693292555 0.5522282590 6125
1 95 2 0.5522282590 0.8351272625 5052
1 95 3 0.8351272625 1.1180262660 2380
1 95 4 1.1180262660 1.4009252695 167
1 95 5 1.4009252695 1.6838242730 1
1 96 0 -0.2214831505 -0.1729978220 94
1 96 1 -0.1729978220 -0.1245124935 1737
1 96 2 -0.1245124935 -0.0760271650 6216
1 96 3 -0.0760271650 -0.0275418365 5904
1 96 4 -0.0275418365 0.0209434920 4095
1 96 5 0.0209434920 0.0694288205 657
1 96 6 0.0694288205 0.1179141490 110
1 96 7 0.1179141490 0.1663994775 7
1 97 0 -0.1967736716 -0.1552954050 94
1 97 1 -0.1552954050 -0.1138171384 2362
1 97 2 -0.1138171384 -0.0723388718 6013
1 97 3 -0.0723388718 -0.0308606052 5705
1 97 4 -0.0308606052 0.0106176614 4168
1 97 5 0.0106176614 0.0520959280 444
1 97 6 0.0520959280 0.0935741946 33
1 97 7 0.0935741946 0.1350524612 1
1 98 0 -0.1453968005 -0.1182826984 167
1 98 1 -0.1182826984 -0.0911685963 3117
1 98 2 -0.0911685963 -0.0640544942 5829
1 98 3 -0.0640544942 -0.0369403921 5733
1 98 4 -0.0369403921 -0.0098262900 3804
1 98 5 -0.0098262900 0.0172878121 163
1 98 6 0.0172878121 0.0444019142 6
1 98 7 0.0444019142 0.0715160163 1
1 99 0 -0.0210690307 0.1732297282 4182
1 99 1 0.1732297282 0.3675284871 5653
1 99 2 0.3675284871 0.5618272460 5768
1 99 3 0.5618272460 0.7561260049 2952
1 99 4 0.7561260049 0.9504247638 261
1 99 5 0.9504247638 1.1447235227 4
1 100 0 -0.2142611365 -0.1667207214 230
1 100 1 -0.1667207214 -0.1191803063 3937
1 100 2 -0.1191803063 -0.0716398912 6167
1 100 3 -0.0716398912 -0.0240994761 5175
1 100 4 -0.0240994761 0.0234409390 3146
1 100 5 0.0234409390 0.0709813541 147
1 100 6 0.0709813541 0.1185217692 18
1 101 0 -0.2541346140 -0.2032146892 240
1 101 1 -0.2032146892 -0.1522947644 2760
1 101 2 -0.1522947644 -0.1013748396 5805
1 101 3 -0.1013748396 -0.0504549148 5797
1 101 4 -0.0504549148 0.0004650100 4212
1 101 5 0.0004650100 0.0513849348 6
1 102 0 -0.2082211275 -0.1669579782 91
1 102 1 -0.1669579782 -0.1256948289 1896
1 102 2 -0.1256948289 -0.0844316796 5080
1 102 3 -0.0844316796 -0.0431685303 5801
1 102 4 -0.0431685303 -0.0019053810 5689
1 102 5 -0.0019053810 0.0393577683 237
1 102 6 0.0393577683 0.0806209176 25
1 102 7 0.0806209176 0.1218840669 1
1 103 0 -0.0417730273 0.2206719432 5799
1 103 1 0.2206719432 0.4831169137 5803
1 103 2 0.4831169137 0.7455618842 4973
1 103 3 0.7455618842 1.0080068547 2110
1 103 4 1.0080068547 1.2704518252 133
1 103 5 1.2704518252 1.5328967957 2
1 104 0 -0.0162600069 0.2193356114 5118
1 104 1 0.2193356114 0.4549312297 5595
1 104 2 0.4549312297 0.6905268480 5505
1 104 3 0.6905268480 0.9261224663 2477
1 104 4 0.9261224663 1.1617180846 125
1 105 0 -0.0254642884 0.2529161411 5481
1 105 1 0.2529161411 0.5312965706 5481
1 105 2 0.5312965706 0.8096770001 5847
1 105 3 0.8096770001 1.0880574296 1898
1 105 4 1.0880574296 1.3664378591 112
1 105 5 1.3664378591 1.6448182886 1
1 106 0 -0.2307374664 -0.1810740118 255
1 106 1 -0.1810740118 -0.1314105572 2914
1 106 2 -0.1314105572 -0.0817471026 5553
1 106 3 -0.0817471026 -0.0320836480 6095
1 106 4 -0.0320836480 0.0175798066 3784
1 106 5 0.0175798066 0.0672432612 195
1 106 6 0.0672432612 0.1169067158 23
1 106 7 0.1169067158 0.1665701704 1
1 107 0 0.0619225492 0.2774725571 3966
1 107 1 0.2774725571 0.4930225650 6061
1 107 2 0.4930225650 0.7085725729 5299
1 107 3 0.7085725729 0.9241225808 3101
1 107 4 0.9241225808 1.1396725887 383
1 107 5 1.1396725887 1.3552225966 10
1 108 0 -0.0389345211 0.2019686081 6416
1 108 1 0.2019686081 0.4428717373 5663
1 108 2 0.4428717373 0.6837748665 5064
1 108 3 0.6837748665 0.9246779957 1594
1 108 4 0.9246779957 1.1655811249 83
1 109 0 -0.0195182848 0.1744462593 4760
1 109 1 0.1744462593 0.3684108034 5983
1 109 2 0.3684108034 0.5623753475 5077
1 109 3 0.5623753475 0.7563398916 2756
1 109 4 0.7563398916 0.9503044357 243
1 109 5 0.9503044357 1.1442689798 1
1 110 0 -0.0254949316 0.1872280239 5952
1 110 1 0.1872280239 0.3999509794 5872
1 110 2 0.3999509794 0.6126739349 4888
1 110 3 0.6126739349 0.8253968904 2052
1 110 4 0.8253968904 1.0381198459 56
1 111 0 -0.0619468148 -0.0282193491 1530
1 111 1 -0.0282193491 0.0055081166 10994
1 111 2 0.0055081166 0.0392355823 3404
1 111 3 0.0392355823 0.0729630480 1730
1 111 4 0.0729630480 0.1066905137 910
1 111 5 0.1066905137 0.1404179794 192
1 111 6 0.1404179794 0.1741454451 46
1 111 7 0.1741454451 0.2078729108 13
1 111 9 0.2416003765 0.2753278422 1
1 112 0 -0.0162608498 0.2669062589 5169
1 112 1 0.2669062589 0.5500733676 5774
1 112 2 0.5500733676 0.8332404763 5435
1 112 3 0.8332404763 1.1164075850 2293
1 112 4 1.1164075850 1.3995746937 149
1 113 0 -0.0255466279 0.1824219720 5569
1 113 1 0.1824219720 0.3903905719 5296
1 113 2 0.3903905719 0.5983591718 5624
1 113 3 0.5983591718 0.8063277717 2245
1 113 4 0.8063277717 1.0142963716 86
1 114 0 -0.1807285916 -0.1404377655 190
1 114 1 -0.1404377655 -0.1001469394 2354
1 114 2 -0.1001469394 -0.0598561133 5542
1 114 3 -0.0598561133 -0.0195652872 6846
1 114 4 -0.0195652872 0.0207255389 3355
1 114 5 0.0207255389 0.0610163650 374
1 114 6 0.0610163650 0.1013071911 124
1 114 7 0.1013071911 0.1415980172 28
1 114 8 0.1415980172 0.1818888433 7
1 115 0 -0.2300607377 -0.1797660615 196
1 115 1 -0.1797660615 -0.1294713853 2224
1 115 2 -0.1294713853 -0.0791767091 5378
1 115 3 -0.0791767091 -0.0288820329 6509
1 115 4 -0.0288820329 0.0214126433 3981
1 115 5 0.0214126433 0.0717073195 442
1 115 6 0.0717073195 0.1220019957 86
1 115 7 0.1220019957 0.1722966719 3
1 115 8 0.1722966719 0.2225913481 1
1 116 0 -0.1400154234 -0.0898456062 899
1 116 1 -0.0898456062 -0.0396757890 6884
1 116 2 -0.0396757890 0.0104940282 8019
1 116 3 0.0104940282 0.0606638454 1508
1 116 4 0.0606638454 0.1108336626 1057
1 116 5 0.1108336626 0.1610034798 392
1 116 6 0.1610034798 0.2111732970 58
1 116 7 0.2111732970 0.2613431142 3
1 117 0 -0.1954520044 -0.1573223937 209
1 117 1 -0.1573223937 -0.1191927830 2761
1 117 2 -0.1191927830 -0.0810631723 5863
1 117 3 -0.0810631723 -0.0429335616 5590
1 117 4 -0.0429335616 -0.0048039509 4347
1 117 5 -0.0048039509 0.0333256598 50
1 118 0 -0.0221193180 0.1685359147 6433
1 118 1 0.1685359147 0.3591911474 6000
1 118 2 0.3591911474 0.5498463801 4461
1 118 3 0.5498463801 0.7405016128 1841
1 118 4 0.7405016128 0.9311568455 84
1 118 5 0.9311568455 1.1218120782 1
1 119 0 -0.0457792417 0.2147136501 5612
1 119 1 0.2147136501 0.4752065419 6080
1 119 2 0.4752065419 0.7356994337 4735
1 119 3 0.7356994337 0.9961923255 2175
1 119 4 0.9961923255 1.2566852173 213
1 119 5 1.2566852173 1.5171781091 5
1 120 0 -0.1507099636 -0.1156214418 477
1 120 1 -0.1156214418 -0.0805329200 3645
1 120 2 -0.0805329200 -0.0454443982 6102
1 120 3 -0.0454443982 -0.0103558764 6381
1 120 4 -0.0103558764 0.0247326454 1900
1 120 5 0.0247326454 0.0598211672 255
1 120 6 0.0598211672 0.0949096890 56
1 120 7 0.0949096890 0.1299982108 4
1 121 0 -0.0231245157 0.1957689008 5612
1 121 1 0.1957689008 0.4146623173 5406
1 121 2 0.4146623173 0.6335557338 5474
1 121 3 0.6335557338 0.8524491503 2219
1 121 4 0.8524491503 1.0713425668 109
1 122 0 -0.1872877465 -0.1566039831 7
1 122 1 -0.1566039831 -0.1259202197 157
1 122 2 -0.1259202197 -0.0952364563 1053
1 122 3 -0.0952364563 -0.0645526929 5433
1 122 4 -0.0645526929 -0.0338689295 5902
1 122 5 -0.0338689295 -0.0031851661 5712
1 122 6 -0.0031851661 0.0274985973 453
1 122 7 0.0274985973 0.0581823607 59
1 122 8 0.0581823607 0.0888661241 37
1 122 9 0.0888661241 0.1195498875 7
1 123 0 -0.0154011103 0.2045567317 3757
1 123 1 0.2045567317 0.4245145737 5736
1 123 2 0.4245145737 0.6444724157 5765
1 123 3 0.6444724157 0.8644302577 3185
1 123 4 0.8644302577 1.0843880997 374
1 123 5 1.0843880997 1.3043459417 3
1 124 0 -0.1850274703 -0.1452961319 104
1 124 1 -0.1452961319 -0.1055647935 2530
1 124 2 -0.1055647935 -0.0658334551 6217
1 124 3 -0.0658334551 -0.0261021167 5426
1 124 4 -0.0261021167 0.0136292217 4173
1 124 5 0.0136292217 0.0533605601 271
1 124 6 0.0533605601 0.0930918985 93
1 124 7 0.0930918985 0.1328232369 6
1 125 0 -0.0255582258 0.2527053892 5037
1 125 1 0.2527053892 0.5309690042 6011
1 125 2 0.5309690042 0.8092326192 5185
1 125 3 0.8092326192 1.0874962342 2351
1 125 4 1.0874962342 1.3657598492 232
1 125 5 1.3657598492 1.6440234642 4
1 126 0 -0.2341249790 -0.1842243023 74
1 126 1 -0.1842243023 -0.1343236256 1648
1 126 2 -0.1343236256 -0.0844229489 5283
1 126 3 -0.0844229489 -0.0345222722 6310
1 126 4 -0.0345222722 0.0153784045 4873
1 126 5 0.0153784045 0.0652790812 475
1 126 6 0.0652790812 0.1151797579 143
1 126 7 0.1151797579 0.1650804346 14
1 127 0 -0.0158799398 0.2203193666 4697
1 127 1 0.2203193666 0.4565186730 5575
1 127 2 0.4565186730 0.6927179794 5846
1 127 3 0.6927179794 0.9289172858 2570
1 127 4 0.9289172858 1.1651165922 132
