layerId nodeId binId sigmaInterval_lb sigmaInterval_ub sigmaFreq
1 0 0 -0.0093550940 0.0700442737 178
1 0 1 0.0700442737 0.1494436414 828
1 0 2 0.1494436414 0.2288430091 1515
1 0 3 0.2288430091 0.3082423768 1054
1 0 4 0.3082423768 0.3876417445 408
1 0 5 0.3876417445 0.4670411122 47
1 1 0 -0.0192744295 0.0288622599 1057
1 1 1 0.0288622599 0.0769989493 1496
1 1 2 0.0769989493 0.1251356387 1022
1 1 3 0.1251356387 0.1732723281 388
1 1 4 0.1732723281 0.2214090175 65
1 1 5 0.2214090175 0.2695457069 2
1 2 0 -0.0083493769 0.0953980412 724
1 2 1 0.0953980412 0.1991454593 1780
1 2 2 0.1991454593 0.3028928774 886
1 2 3 0.3028928774 0.4066402955 526
1 2 4 0.4066402955 0.5103877136 105
1 2 5 0.5103877136 0.6141351317 9
1 3 0 -0.0396613024 -0.0287177461 26
1 3 1 -0.0287177461 -0.0177741898 456
1 3 2 -0.0177741898 -0.0068306335 2415
1 3 3 -0.0068306335 0.0041129228 913
1 3 4 0.0041129228 0.0150564791 77
1 3 5 0.0150564791 0.0260000354 65
1 3 6 0.0260000354 0.0369435917 30
1 3 7 0.0369435917 0.0478871480 23
1 3 8 0.0478871480 0.0588307043 11
1 3 9 0.0588307043 0.0697742606 9
1 3 10 0.0697742606 0.0807178169 3
1 3 11 0.0807178169 0.0916613732 1
1 3 12 0.0916613732 0.1026049295 1
1 4 0 -0.1125425976 -0.0914410034 60
1 4 1 -0.0914410034 -0.0703394092 375
1 4 2 -0.0703394092 -0.0492378150 964
1 4 3 -0.0492378150 -0.0281362208 1606
1 4 4 -0.0281362208 -0.0070346266 941
1 4 5 -0.0070346266 0.0140669676 76
1 4 6 0.0140669676 0.0351685618 7
1 4 7 0.0351685618 0.0562701560 1
1 5 0 -0.1321138430 -0.1092636955 28
1 5 1 -0.1092636955 -0.0864135480 125
1 5 2 -0.0864135480 -0.0635634005 499
1 5 3 -0.0635634005 -0.0407132530 1006
1 5 4 -0.0407132530 -0.0178631055 1721
1 5 5 -0.0178631055 0.0049870420 629
1 5 6 0.0049870420 0.0278371895 18
1 5 7 0.0278371895 0.0506873370 4
1 6 0 -0.0901751455 -0.0722881624 58
1 6 1 -0.0722881624 -0.0544011793 198
1 6 2 -0.0544011793 -0.0365141962 744
1 6 3 -0.0365141962 -0.0186272131 1478
1 6 4 -0.0186272131 -0.0007402300 1451
1 6 5 -0.0007402300 0.0171467531 67
1 6 6 0.0171467531 0.0350337362 16
1 6 7 0.0350337362 0.0529207193 9
1 6 8 0.0529207193 0.0708077024 8
1 6 9 0.0708077024 0.0886946855 1
1 7 0 -0.0074646908 0.0898891929 356
1 7 1 0.0898891929 0.1872430766 1332
1 7 2 0.1872430766 0.2845969603 1408
1 7 3 0.2845969603 0.3819508440 708
1 7 4 0.3819508440 0.4793047277 189
1 7 5 0.4793047277 0.5766586114 35
1 7 6 0.5766586114 0.6740124951 2
1 8 0 -0.0436260113 0.0540092974 2231
1 8 1 0.0540092974 0.1516446061 963
1 8 2 0.1516446061 0.2492799148 563
1 8 3 0.2492799148 0.3469152235 219
1 8 4 0.3469152235 0.4445505322 51
1 8 5 0.4445505322 0.5421858409 3
1 9 0 -0.0035888363 0.0794330905 393
1 9 1 0.0794330905 0.1624550173 1360
1 9 2 0.1624550173 0.2454769441 1411
1 9 3 0.2454769441 0.3284988709 640
1 9 4 0.3284988709 0.4115207977 205
1 9 5 0.4115207977 0.4945427245 20
1 9 6 0.4945427245 0.5775646513 1
1 10 0 -0.0178208861 0.0474811432 242
1 10 1 0.0474811432 0.1127831725 692
1 10 2 0.1127831725 0.1780852018 1404
1 10 3 0.1780852018 0.2433872311 1302
1 10 4 0.2433872311 0.3086892604 361
1 10 5 0.3086892604 0.3739912897 29
1 11 0 -0.0232988394 0.0441793006 1320
1 11 1 0.0441793006 0.1116574406 1511
1 11 2 0.1116574406 0.1791355806 781
1 11 3 0.1791355806 0.2466137206 374
1 11 4 0.2466137206 0.3140918606 42
1 11 5 0.3140918606 0.3815700006 2
1 12 0 -0.0831368110 -0.0552849074 127
1 12 1 -0.0552849074 -0.0274330038 923
1 12 2 -0.0274330038 0.0004188998 2353
1 12 3 0.0004188998 0.0282708034 332
1 12 4 0.0282708034 0.0561227070 141
1 12 5 0.0561227070 0.0839746106 108
1 12 6 0.0839746106 0.1118265142 41
1 12 7 0.1118265142 0.1396784178 4
1 12 8 0.1396784178 0.1675303214 1
1 13 0 -0.0341851123 0.0025091382 1513
1 13 1 0.0025091382 0.0392033887 1307
1 13 2 0.0392033887 0.0758976392 757
1 13 3 0.0758976392 0.1125918897 338
1 13 4 0.1125918897 0.1492861402 95
1 13 5 0.1492861402 0.1859803907 19
1 13 6 0.1859803907 0.2226746412 1
1 14 0 -0.0188333228 0.0288647110 759
1 14 1 0.0288647110 0.0765627448 1492
1 14 2 0.0765627448 0.1242607786 1170
1 14 3 0.1242607786 0.1719588124 476
1 14 4 0.1719588124 0.2196568462 123
1 14 5 0.2196568462 0.2673548800 9
1 14 6 0.2673548800 0.3150529138 1
1 15 0 -0.1029423822 -0.0780913760 27
1 15 1 -0.0780913760 -0.0532403698 288
1 15 2 -0.0532403698 -0.0283893636 1242
1 15 3 -0.0283893636 -0.0035383574 1997
1 15 4 -0.0035383574 0.0213126488 225
1 15 5 0.0213126488 0.0461636550 178
1 15 6 0.0461636550 0.0710146612 49
1 15 7 0.0710146612 0.0958656674 18
1 15 8 0.0958656674 0.1207166736 3
1 15 9 0.1207166736 0.1455676798 1
1 15 10 0.1455676798 0.1704186860 2
1 16 0 -0.0137020862 0.0963798048 743
1 16 1 0.0963798048 0.2064616958 1648
1 16 2 0.2064616958 0.3165435868 1022
1 16 3 0.3165435868 0.4266254778 484
1 16 4 0.4266254778 0.5367073688 115
1 16 5 0.5367073688 0.6467892598 18
1 17 0 -0.0318695205 0.0208628522 1637
1 17 1 0.0208628522 0.0735952249 903
1 17 2 0.0735952249 0.1263275976 1203
1 17 3 0.1263275976 0.1790599703 239
1 17 4 0.1790599703 0.2317923430 46
1 17 5 0.2317923430 0.2845247157 2
1 18 0 -0.0724412239 -0.0267997537 530
1 18 1 -0.0267997537 0.0188417165 2066
1 18 2 0.0188417165 0.0644831867 731
1 18 3 0.0644831867 0.1101246569 544
1 18 4 0.1101246569 0.1557661271 149
1 18 5 0.1557661271 0.2014075973 9
1 18 6 0.2014075973 0.2470490675 1
1 19 0 -0.0664603199 -0.0429160452 117
1 19 1 -0.0429160452 -0.0193717705 972
1 19 2 -0.0193717705 0.0041725042 2309
1 19 3 0.0041725042 0.0277167789 283
1 19 4 0.0277167789 0.0512610536 206
1 19 5 0.0512610536 0.0748053283 84
1 19 6 0.0748053283 0.0983496030 54
1 19 7 0.0983496030 0.1218938777 4
1 19 8 0.1218938777 0.1454381524 1
1 20 0 -0.0302454448 0.0561445790 934
1 20 1 0.0561445790 0.1425346028 1688
1 20 2 0.1425346028 0.2289246266 913
1 20 3 0.2289246266 0.3153146504 406
1 20 4 0.3153146504 0.4017046742 84
1 20 5 0.4017046742 0.4880946980 5
1 21 0 -0.0147066927 0.0444774558 569
1 21 1 0.0444774558 0.1036616043 1412
1 21 2 0.1036616043 0.1628457528 1331
1 21 3 0.1628457528 0.2220299013 589
1 21 4 0.2220299013 0.2812140498 118
1 21 5 0.2812140498 0.3403981983 11
1 22 0 -0.0561778063 -0.0200603598 1157
1 22 1 -0.0200603598 0.0160570867 2133
1 22 2 0.0160570867 0.0521745332 350
1 22 3 0.0521745332 0.0882919797 242
1 22 4 0.0882919797 0.1244094262 109
1 22 5 0.1244094262 0.1605268727 22
1 22 6 0.1605268727 0.1966443192 15
1 22 7 0.1966443192 0.2327617657 2
1 23 0 -0.0287357936 -0.0010464198 1737
1 23 1 -0.0010464198 0.0266429540 1056
1 23 2 0.0266429540 0.0543323278 848
1 23 3 0.0543323278 0.0820217016 262
1 23 4 0.0820217016 0.1097110754 108
1 23 5 0.1097110754 0.1374004492 19
1 24 0 -0.0267262062 0.0719200501 1435
1 24 1 0.0719200501 0.1705663064 1446
1 24 2 0.1705663064 0.2692125627 737
1 24 3 0.2692125627 0.3678588190 355
1 24 4 0.3678588190 0.4665050753 57
1 25 0 -0.1136394564 -0.0920791568 50
1 25 1 -0.0920791568 -0.0705188572 238
1 25 2 -0.0705188572 -0.0489585576 741
1 25 3 -0.0489585576 -0.0273982580 1382
1 25 4 -0.0273982580 -0.0058379584 1447
1 25 5 -0.0058379584 0.0157223412 141
1 25 6 0.0157223412 0.0372826408 19
1 25 7 0.0372826408 0.0588429404 8
1 25 8 0.0588429404 0.0804032400 3
1 25 9 0.0804032400 0.1019635396 1
1 26 0 -0.0252587415 0.0276788118 1771
1 26 1 0.0276788118 0.0806163651 1228
1 26 2 0.0806163651 0.1335539184 685
1 26 3 0.1335539184 0.1864914717 279
1 26 4 0.1864914717 0.2394290250 64
1 26 5 0.2394290250 0.2923665783 3
1 27 0 -0.0879664608 -0.0666335009 31
1 27 1 -0.0666335009 -0.0453005410 323
1 27 2 -0.0453005410 -0.0239675811 1308
1 27 3 -0.0239675811 -0.0026346212 1805
1 27 4 -0.0026346212 0.0186983387 399
1 27 5 0.0186983387 0.0400312986 99
1 27 6 0.0400312986 0.0613642585 33
1 27 7 0.0613642585 0.0826972184 10
1 27 8 0.0826972184 0.1040301783 20
1 27 9 0.1040301783 0.1253631382 1
1 27 10 0.1253631382 0.1466960981 1
1 28 0 -0.1124919046 -0.0937357305 24
1 28 1 -0.0937357305 -0.0749795564 215
1 28 2 -0.0749795564 -0.0562233823 593
1 28 3 -0.0562233823 -0.0374672082 1370
1 28 4 -0.0374672082 -0.0187110341 1439
1 28 5 -0.0187110341 0.0000451400 388
1 28 7 0.0188013141 0.0375574882 1
1 29 0 -0.0345138736 0.0161270564 2523
1 29 1 0.0161270564 0.0667679864 835
1 29 2 0.0667679864 0.1174089164 401
1 29 3 0.1174089164 0.1680498464 186
1 29 4 0.1680498464 0.2186907764 52
1 29 5 0.2186907764 0.2693317064 31
1 29 6 0.2693317064 0.3199726364 2
1 30 0 -0.0269726697 0.0485591173 2103
1 30 1 0.0485591173 0.1240909043 1121
1 30 2 0.1240909043 0.1996226913 524
1 30 3 0.1996226913 0.2751544783 225
1 30 4 0.2751544783 0.3506862653 52
1 30 5 0.3506862653 0.4262180523 5
1 31 0 -0.0624064174 -0.0410823596 211
1 31 1 -0.0410823596 -0.0197583018 1158
1 31 2 -0.0197583018 0.0015657560 2096
1 31 3 0.0015657560 0.0228898138 275
1 31 4 0.0228898138 0.0442138716 177
1 31 5 0.0442138716 0.0655379294 77
1 31 6 0.0655379294 0.0868619872 23
1 31 7 0.0868619872 0.1081860450 11
1 31 8 0.1081860450 0.1295101028 2
1 32 0 -0.0634773179 -0.0327355372 242
1 32 1 -0.0327355372 -0.0019937565 2381
1 32 2 -0.0019937565 0.0287480242 640
1 32 3 0.0287480242 0.0594898049 497
1 32 4 0.0594898049 0.0902315856 228
1 32 5 0.0902315856 0.1209733663 37
1 32 6 0.1209733663 0.1517151470 5
1 33 0 -0.0114468112 0.0795804593 1388
1 33 1 0.0795804593 0.1706077298 1480
1 33 2 0.1706077298 0.2616350003 773
1 33 3 0.2616350003 0.3526622708 297
1 33 4 0.3526622708 0.4436895413 69
1 33 5 0.4436895413 0.5347168118 23
1 34 0 -0.0892608875 -0.0680603650 86
1 34 1 -0.0680603650 -0.0468598425 532
1 34 2 -0.0468598425 -0.0256593200 1182
1 34 3 -0.0256593200 -0.0044587975 1778
1 34 4 -0.0044587975 0.0167417250 327
1 34 5 0.0167417250 0.0379422475 82
1 34 6 0.0379422475 0.0591427700 26
1 34 7 0.0591427700 0.0803432925 14
1 34 8 0.0803432925 0.1015438150 2
1 34 9 0.1015438150 0.1227443375 1
1 35 0 -0.0995821965 -0.0712802006 50
1 35 1 -0.0712802006 -0.0429782047 411
1 35 2 -0.0429782047 -0.0146762088 1536
1 35 3 -0.0146762088 0.0136257871 1466
1 35 4 0.0136257871 0.0419277830 379
1 35 5 0.0419277830 0.0702297789 140
1 35 6 0.0702297789 0.0985317748 40
1 35 7 0.0985317748 0.1268337707 8
1 36 0 -0.0914028510 -0.0730997522 37
1 36 1 -0.0730997522 -0.0547966534 231
1 36 2 -0.0547966534 -0.0364935546 870
1 36 3 -0.0364935546 -0.0181904558 1588
1 36 4 -0.0181904558 0.0001126430 1208
1 36 5 0.0001126430 0.0184157418 45
1 36 6 0.0184157418 0.0367188406 27
1 36 7 0.0367188406 0.0550219394 11
1 36 8 0.0550219394 0.0733250382 7
1 36 9 0.0733250382 0.0916281370 5
1 36 10 0.0916281370 0.1099312358 1
1 37 0 -0.0240194779 0.0241686742 1494
1 37 1 0.0241686742 0.0723568263 1330
1 37 2 0.0723568263 0.1205449784 853
1 37 3 0.1205449784 0.1687331305 263
1 37 4 0.1687331305 0.2169212826 88
1 37 5 0.2169212826 0.2651094347 2
1 38 0 -0.0541496058 -0.0384485842 37
1 38 1 -0.0384485842 -0.0227475626 489
1 38 2 -0.0227475626 -0.0070465410 2448
1 38 3 -0.0070465410 0.0086544806 756
1 38 4 0.0086544806 0.0243555022 101
1 38 5 0.0243555022 0.0400565238 118
1 38 6 0.0400565238 0.0557575454 51
1 38 7 0.0557575454 0.0714585670 20
1 38 8 0.0714585670 0.0871595886 5
1 38 9 0.0871595886 0.1028606102 3
1 38 10 0.1028606102 0.1185616318 1
1 38 11 0.1185616318 0.1342626534 1
1 39 0 -0.0692219502 -0.0391934487 218
1 39 1 -0.0391934487 -0.0091649472 1647
1 39 2 -0.0091649472 0.0208635543 1423
1 39 3 0.0208635543 0.0508920558 448
1 39 4 0.0508920558 0.0809205573 212
1 39 5 0.0809205573 0.1109490588 68
1 39 6 0.1109490588 0.1409775603 12
1 39 7 0.1409775603 0.1710060618 2
1 40 0 -0.0348185307 0.0363058460 2178
1 40 1 0.0363058460 0.1074302227 1013
1 40 2 0.1074302227 0.1785545994 490
1 40 3 0.1785545994 0.2496789761 320
1 40 4 0.2496789761 0.3208033528 27
1 40 5 0.3208033528 0.3919277295 2
1 41 0 -0.1166871556 -0.0932267451 40
1 41 1 -0.0932267451 -0.0697663346 269
1 41 2 -0.0697663346 -0.0463059241 793
1 41 3 -0.0463059241 -0.0228455136 1514
1 41 4 -0.0228455136 0.0006148969 1301
1 41 5 0.0006148969 0.0240753074 62
1 41 6 0.0240753074 0.0475357179 42
1 41 7 0.0475357179 0.0709961284 6
1 41 8 0.0709961284 0.0944565389 3
1 42 0 -0.0151029643 0.0503243893 1243
1 42 1 0.0503243893 0.1157517429 1640
1 42 2 0.1157517429 0.1811790965 765
1 42 3 0.1811790965 0.2466064501 278
1 42 4 0.2466064501 0.3120338037 90
1 42 5 0.3120338037 0.3774611573 12
1 42 6 0.3774611573 0.4428885109 2
1 43 0 -0.0765538567 -0.0585674014 46
1 43 1 -0.0585674014 -0.0405809461 232
1 43 2 -0.0405809461 -0.0225944908 950
1 43 3 -0.0225944908 -0.0046080355 2195
1 43 4 -0.0046080355 0.0133784198 437
1 43 5 0.0133784198 0.0313648751 80
1 43 6 0.0313648751 0.0493513304 53
1 43 7 0.0493513304 0.0673377857 23
1 43 8 0.0673377857 0.0853242410 10
1 43 9 0.0853242410 0.1033106963 2
1 43 10 0.1033106963 0.1212971516 2
1 44 0 -0.0162928809 0.1148660187 1416
1 44 1 0.1148660187 0.2460249183 1489
1 44 2 0.2460249183 0.3771838179 767
1 44 3 0.3771838179 0.5083427175 282
1 44 4 0.5083427175 0.6395016171 74
1 44 5 0.6395016171 0.7706605167 2
1 45 0 -0.1071310659 -0.0884131455 47
1 45 1 -0.0884131455 -0.0696952251 194
1 45 2 -0.0696952251 -0.0509773047 641
1 45 3 -0.0509773047 -0.0322593843 1292
1 45 4 -0.0322593843 -0.0135414639 1584
1 45 5 -0.0135414639 0.0051764565 262
1 45 6 0.0051764565 0.0238943769 7
1 45 7 0.0238943769 0.0426122973 2
1 45 8 0.0426122973 0.0613302177 1
1 46 0 -0.1114925305 -0.0929091795 69
1 46 1 -0.0929091795 -0.0743258285 378
1 46 2 -0.0743258285 -0.0557424775 1027
1 46 3 -0.0557424775 -0.0371591265 1473
1 46 4 -0.0371591265 -0.0185757755 985
1 46 5 -0.0185757755 0.0000075755 98
1 47 0 -0.0041502605 0.0882233186 554
1 47 1 0.0882233186 0.1805968977 1819
1 47 2 0.1805968977 0.2729704768 973
1 47 3 0.2729704768 0.3653440559 515
1 47 4 0.3653440559 0.4577176350 145
1 47 5 0.4577176350 0.5500912141 23
1 47 6 0.5500912141 0.6424647932 1
1 48 0 -0.0024847894 0.0618978637 111
1 48 1 0.0618978637 0.1262805168 693
1 48 2 0.1262805168 0.1906631699 1780
1 48 3 0.1906631699 0.2550458230 1036
1 48 4 0.2550458230 0.3194284761 300
1 48 5 0.3194284761 0.3838111292 93
1 48 6 0.3838111292 0.4481937823 17
1 49 0 -0.0320519190 0.0703440702 1854
1 49 1 0.0703440702 0.1727400594 1216
1 49 2 0.1727400594 0.2751360486 678
1 49 3 0.2751360486 0.3775320378 208
1 49 4 0.3775320378 0.4799280270 68
1 49 5 0.4799280270 0.5823240162 6
1 50 0 -0.0864161091 -0.0707867208 37
1 50 1 -0.0707867208 -0.0551573325 234
1 50 2 -0.0551573325 -0.0395279442 980
1 50 3 -0.0395279442 -0.0238985559 1623
1 50 4 -0.0238985559 -0.0082691676 998
1 50 5 -0.0082691676 0.0073602207 122
1 50 6 0.0073602207 0.0229896090 18
1 50 7 0.0229896090 0.0386189973 7
1 50 8 0.0386189973 0.0542483856 3
1 50 9 0.0542483856 0.0698777739 5
1 50 10 0.0698777739 0.0855071622 2
1 50 13 0.1167659388 0.1323953271 1
1 51 0 -0.0084678852 0.0685558827 201
1 51 1 0.0685558827 0.1455796506 1367
1 51 2 0.1455796506 0.2226034185 1405
1 51 3 0.2226034185 0.2996271864 736
1 51 4 0.2996271864 0.3766509543 265
1 51 5 0.3766509543 0.4536747222 55
1 51 6 0.4536747222 0.5306984901 1
1 52 0 -0.0132144930 0.0614937153 611
1 52 1 0.0614937153 0.1362019236 1446
1 52 2 0.1362019236 0.2109101319 1236
1 52 3 0.2109101319 0.2856183402 610
1 52 4 0.2856183402 0.3603265485 118
1 52 5 0.3603265485 0.4350347568 9
1 53 0 -0.0720525172 -0.0387916302 138
1 53 1 -0.0387916302 -0.0055307432 1812
1 53 2 -0.0055307432 0.0277301438 1259
1 53 3 0.0277301438 0.0609910308 523
1 53 4 0.0609910308 0.0942519178 209
1 53 5 0.0942519178 0.1275128048 71
1 53 6 0.1275128048 0.1607736918 17
1 53 7 0.1607736918 0.1940345788 1
1 54 0 -0.0736221724 -0.0496379890 99
1 54 1 -0.0496379890 -0.0256538056 1153
1 54 2 -0.0256538056 -0.0016696222 2207
1 54 3 -0.0016696222 0.0223145612 291
1 54 4 0.0223145612 0.0462987446 148
1 54 5 0.0462987446 0.0702829280 89
1 54 6 0.0702829280 0.0942671114 28
1 54 7 0.0942671114 0.1182512948 6
1 54 8 0.1182512948 0.1422354782 7
1 54 9 0.1422354782 0.1662196616 1
1 54 10 0.1662196616 0.1902038450 1
1 55 0 -0.1054479211 -0.0847292645 95
1 55 1 -0.0847292645 -0.0640106079 389
1 55 2 -0.0640106079 -0.0432919513 1067
1 55 3 -0.0432919513 -0.0225732947 1662
1 55 4 -0.0225732947 -0.0018546381 777
1 55 5 -0.0018546381 0.0188640185 12
1 55 6 0.0188640185 0.0395826751 17
1 55 7 0.0395826751 0.0603013317 8
1 55 8 0.0603013317 0.0810199883 2
1 55 9 0.0810199883 0.1017386449 1
1 56 0 -0.0016515825 0.0683459525 117
1 56 1 0.0683459525 0.1383434875 1012
1 56 2 0.1383434875 0.2083410225 1471
1 56 3 0.2083410225 0.2783385575 1026
1 56 4 0.2783385575 0.3483360925 312
1 56 5 0.3483360925 0.4183336275 87
1 56 6 0.4183336275 0.4883311625 5
1 57 0 -0.0456661359 0.0029209411 1702
1 57 1 0.0029209411 0.0515080181 1164
1 57 2 0.0515080181 0.1000950951 723
1 57 3 0.1000950951 0.1486821721 313
1 57 4 0.1486821721 0.1972692491 108
1 57 5 0.1972692491 0.2458563261 18
1 57 6 0.2458563261 0.2944434031 2
1 58 0 -0.0238105776 0.0473957783 754
1 58 1 0.0473957783 0.1186021342 1602
1 58 2 0.1186021342 0.1898084901 1068
1 58 3 0.1898084901 0.2610148460 466
1 58 4 0.2610148460 0.3322212019 127
1 58 5 0.3322212019 0.4034275578 13
1 59 0 -0.1081966676 -0.0897273854 23
1 59 1 -0.0897273854 -0.0712581032 101
1 59 2 -0.0712581032 -0.0527888210 458
1 59 3 -0.0527888210 -0.0343195388 1163
1 59 4 -0.0343195388 -0.0158502566 1661
1 59 5 -0.0158502566 0.0026190256 589
1 59 6 0.0026190256 0.0210883078 17
1 59 7 0.0210883078 0.0395575900 14
1 59 8 0.0395575900 0.0580268722 3
1 59 10 0.0764961544 0.0949654366 1
1 60 0 -0.0843657099 -0.0657593821 39
1 60 1 -0.0657593821 -0.0471530543 369
1 60 2 -0.0471530543 -0.0285467265 1168
1 60 3 -0.0285467265 -0.0099403987 1775
1 60 4 -0.0099403987 0.0086659291 531
1 60 5 0.0086659291 0.0272722569 97
1 60 6 0.0272722569 0.0458785847 32
1 60 7 0.0458785847 0.0644849125 11
1 60 8 0.0644849125 0.0830912403 4
1 60 9 0.0830912403 0.1016975681 3
1 60 11 0.1203038959 0.1389102237 1
1 61 0 -0.0138165098 0.1070375903 1123
1 61 1 0.1070375903 0.2278916904 1628
1 61 2 0.2278916904 0.3487457905 797
1 61 3 0.3487457905 0.4695998906 399
1 61 4 0.4695998906 0.5904539907 82
1 61 5 0.5904539907 0.7113080908 1
1 62 0 -0.0297355630 0.0632112527 1698
1 62 1 0.0632112527 0.1561580684 1274
1 62 2 0.1561580684 0.2491048841 772
1 62 3 0.2491048841 0.3420516998 232
1 62 4 0.3420516998 0.4349985155 53
1 62 5 0.4349985155 0.5279453312 1
1 63 0 0.0023280235 0.0835972550 386
1 63 1 0.0835972550 0.1648664865 1428
1 63 2 0.1648664865 0.2461357180 1324
1 63 3 0.2461357180 0.3274049495 657
1 63 4 0.3274049495 0.4086741810 199
1 63 5 0.4086741810 0.4899434125 35
1 63 6 0.4899434125 0.5712126440 1
1 64 0 -0.0162360049 0.0802213406 835
1 64 1 0.0802213406 0.1766786861 1601
1 64 2 0.1766786861 0.2731360316 905
1 64 3 0.2731360316 0.3695933771 597
1 64 4 0.3695933771 0.4660507226 91
1 64 5 0.4660507226 0.5625080681 1
1 65 0 -0.0231509353 0.0968108989 1068
1 65 1 0.0968108989 0.2167727331 1629
1 65 2 0.2167727331 0.3367345673 899
1 65 3 0.3367345673 0.4566964015 344
1 65 4 0.4566964015 0.5766582357 83
1 65 5 0.5766582357 0.6966200699 7
1 66 0 -0.0819899355 -0.0562344045 132
1 66 1 -0.0562344045 -0.0304788735 999
1 66 2 -0.0304788735 -0.0047233425 1968
1 66 3 -0.0047233425 0.0210321885 568
1 66 4 0.0210321885 0.0467877195 226
1 66 5 0.0467877195 0.0725432505 117
1 66 6 0.0725432505 0.0982987815 14
1 66 7 0.0982987815 0.1240543125 6
1 67 0 -0.0796026157 -0.0552826351 97
1 67 1 -0.0552826351 -0.0309626545 762
1 67 2 -0.0309626545 -0.0066426739 1985
1 67 3 -0.0066426739 0.0176773067 775
1 67 4 0.0176773067 0.0419972873 286
1 67 5 0.0419972873 0.0663172679 76
1 67 6 0.0663172679 0.0906372485 45
1 67 7 0.0906372485 0.1149572291 4
1 68 0 -0.0461631267 -0.0381594001 2
1 68 1 -0.0381594001 -0.0301556735 99
1 68 2 -0.0301556735 -0.0221519469 692
1 68 3 -0.0221519469 -0.0141482203 1792
1 68 4 -0.0141482203 -0.0061444937 1129
1 68 5 -0.0061444937 0.0018592329 252
1 68 6 0.0018592329 0.0098629595 20
1 68 7 0.0098629595 0.0178666861 24
1 68 8 0.0178666861 0.0258704127 9
1 68 9 0.0258704127 0.0338741393 7
1 68 10 0.0338741393 0.0418778659 2
1 68 11 0.0418778659 0.0498815925 1
1 68 12 0.0498815925 0.0578853191 1
1 69 0 -0.0815805417 -0.0576243016 32
1 69 1 -0.0576243016 -0.0336680615 368
1 69 2 -0.0336680615 -0.0097118214 1837
1 69 3 -0.0097118214 0.0142444187 1289
1 69 4 0.0142444187 0.0382006588 277
1 69 5 0.0382006588 0.0621568989 156
1 69 6 0.0621568989 0.0861131390 60
1 69 7 0.0861131390 0.1100693791 8
1 69 8 0.1100693791 0.1340256192 3
1 70 0 -0.0960600841 -0.0701915649 15
1 70 1 -0.0701915649 -0.0443230457 238
1 70 2 -0.0443230457 -0.0184545265 1190
1 70 3 -0.0184545265 0.0074139927 2040
1 70 4 0.0074139927 0.0332825119 286
1 70 5 0.0332825119 0.0591510311 149
1 70 6 0.0591510311 0.0850195503 88
1 70 7 0.0850195503 0.1108880695 21
1 70 8 0.1108880695 0.1367565887 2
1 70 9 0.1367565887 0.1626251079 1
1 71 0 -0.0258384867 0.0429565168 1790
1 71 1 0.0429565168 0.1117515203 1243
1 71 2 0.1117515203 0.1805465238 660
1 71 3 0.1805465238 0.2493415273 297
1 71 4 0.2493415273 0.3181365308 40
1 72 0 -0.0287403011 0.0786799847 1871
1 72 1 0.0786799847 0.1861002705 1149
1 72 2 0.1861002705 0.2935205563 728
1 72 3 0.2935205563 0.4009408421 218
1 72 4 0.4009408421 0.5083611279 63
1 72 5 0.5083611279 0.6157814137 1
1 73 0 -0.0103055618 0.0638044571 706
1 73 1 0.0638044571 0.1379144760 1576
1 73 2 0.1379144760 0.2120244949 1120
1 73 3 0.2120244949 0.2861345138 487
1 73 4 0.2861345138 0.3602445327 129
1 73 5 0.3602445327 0.4343545516 12
1 74 0 -0.0238423328 0.0746123451 1473
1 74 1 0.0746123451 0.1730670230 1448
1 74 2 0.1730670230 0.2715217009 757
1 74 3 0.2715217009 0.3699763788 289
1 74 4 0.3699763788 0.4684310567 62
1 74 5 0.4684310567 0.5668857346 1
1 75 0 -0.0162481987 0.0548744688 1329
1 75 1 0.0548744688 0.1259971363 1398
1 75 2 0.1259971363 0.1971198038 850
1 75 3 0.1971198038 0.2682424713 370
1 75 4 0.2682424713 0.3393651388 81
1 75 5 0.3393651388 0.4104878063 2
1 76 0 -0.0965028567 -0.0758850876 57
1 76 1 -0.0758850876 -0.0552673185 304
1 76 2 -0.0552673185 -0.0346495494 969
1 76 3 -0.0346495494 -0.0140317803 1562
1 76 4 -0.0140317803 0.0065859888 982
1 76 5 0.0065859888 0.0272037579 111
1 76 6 0.0272037579 0.0478215270 41
1 76 7 0.0478215270 0.0684392961 4
1 77 0 -0.0107820730 0.0752353562 327
1 77 1 0.0752353562 0.1612527854 1192
1 77 2 0.1612527854 0.2472702146 1497
1 77 3 0.2472702146 0.3332876438 766
1 77 4 0.3332876438 0.4193050730 225
1 77 5 0.4193050730 0.5053225022 23
1 78 0 -0.1130333596 -0.0934612395 40
1 78 1 -0.0934612395 -0.0738891194 213
1 78 2 -0.0738891194 -0.0543169993 696
1 78 3 -0.0543169993 -0.0347448792 1236
1 78 4 -0.0347448792 -0.0151727591 1455
1 78 5 -0.0151727591 0.0043993610 390
1 79 0 -0.0202705646 0.0781079676 687
1 79 1 0.0781079676 0.1764864998 1491
1 79 2 0.1764864998 0.2748650320 1175
1 79 3 0.2748650320 0.3732435642 549
1 79 4 0.3732435642 0.4716220964 121
1 79 5 0.4716220964 0.5700006286 7
1 80 0 -0.0012399471 0.0890135621 32
1 80 1 0.0890135621 0.1792670713 444
1 80 2 0.1792670713 0.2695205805 1282
1 80 3 0.2695205805 0.3597740897 1473
1 80 4 0.3597740897 0.4500275989 628
1 80 5 0.4500275989 0.5402811081 168
1 80 6 0.5402811081 0.6305346173 3
1 81 0 -0.0675958782 -0.0502649665 149
1 81 1 -0.0502649665 -0.0329340548 650
1 81 2 -0.0329340548 -0.0156031431 1593
1 81 3 -0.0156031431 0.0017277686 1440
1 81 4 0.0017277686 0.0190586803 89
1 81 5 0.0190586803 0.0363895920 55
1 81 6 0.0363895920 0.0537205037 38
1 81 7 0.0537205037 0.0710514154 12
1 81 8 0.0710514154 0.0883823271 1
1 81 9 0.0883823271 0.1057132388 3
1 82 0 -0.0347142186 -0.0145334138 274
1 82 1 -0.0145334138 0.0056473910 2856
1 82 2 0.0056473910 0.0258281958 381
1 82 3 0.0258281958 0.0460090006 322
1 82 4 0.0460090006 0.0661898054 119
1 82 5 0.0661898054 0.0863706102 60
1 82 6 0.0863706102 0.1065514150 15
1 82 7 0.1065514150 0.1267322198 1
1 82 8 0.1267322198 0.1469130246 2
1 83 0 -0.0173661257 0.0939251889 1230
1 83 1 0.0939251889 0.2052165035 1618
1 83 2 0.2052165035 0.3165078181 762
1 83 3 0.3165078181 0.4277991327 335
1 83 4 0.4277991327 0.5390904473 79
1 83 5 0.5390904473 0.6503817619 6
1 84 0 -0.1046151793 -0.0859433209 20
1 84 1 -0.0859433209 -0.0672714625 113
1 84 2 -0.0672714625 -0.0485996041 461
1 84 3 -0.0485996041 -0.0299277457 1164
1 84 4 -0.0299277457 -0.0112558873 1597
1 84 5 -0.0112558873 0.0074159711 623
1 84 6 0.0074159711 0.0260878295 43
1 84 7 0.0260878295 0.0447596879 5
1 84 8 0.0447596879 0.0634315463 4
1 85 0 -0.0288243069 0.0379798960 1670
1 85 1 0.0379798960 0.1047840989 1329
1 85 2 0.1047840989 0.1715883018 719
1 85 3 0.1715883018 0.2383925047 250
1 85 4 0.2383925047 0.3051967076 56
1 85 5 0.3051967076 0.3720009105 6
1 86 0 -0.0243837732 0.0276370955 1412
1 86 1 0.0276370955 0.0796579642 1180
1 86 2 0.0796579642 0.1316788329 1096
1 86 3 0.1316788329 0.1836997016 295
1 86 4 0.1836997016 0.2357205703 44
1 86 5 0.2357205703 0.2877414390 3
1 87 0 -0.0476152298 -0.0215719837 731
1 87 1 -0.0215719837 0.0044712624 2506
1 87 2 0.0044712624 0.0305145085 349
1 87 3 0.0305145085 0.0565577546 264
1 87 4 0.0565577546 0.0826010007 114
1 87 5 0.0826010007 0.1086442468 48
1 87 6 0.1086442468 0.1346874929 16
1 87 7 0.1346874929 0.1607307390 2
1 88 0 -0.0072364419 0.0632009596 508
1 88 1 0.0632009596 0.1336383611 1513
1 88 2 0.1336383611 0.2040757626 1229
1 88 3 0.2040757626 0.2745131641 633
1 88 4 0.2745131641 0.3449505656 137
1 88 5 0.3449505656 0.4153879671 10
1 89 0 -0.0853882248 -0.0569236233 109
1 89 1 -0.0569236233 -0.0284590218 840
1 89 2 -0.0284590218 0.0000055797 2246
1 89 3 0.0000055797 0.0284701812 457
1 89 4 0.0284701812 0.0569347827 249
1 89 5 0.0569347827 0.0853993842 102
1 89 6 0.0853993842 0.1138639857 19
1 89 7 0.1138639857 0.1423285872 8
1 90 0 -0.0609475720 -0.0266099834 464
1 90 1 -0.0266099834 0.0077276052 2316
1 90 2 0.0077276052 0.0420651938 620
1 90 3 0.0420651938 0.0764027824 435
1 90 4 0.0764027824 0.1107403710 145
1 90 5 0.1107403710 0.1450779596 44
1 90 6 0.1450779596 0.1794155482 5
1 90 7 0.1794155482 0.2137531368 1
1 91 0 -0.0833752602 -0.0619659864 71
1 91 1 -0.0619659864 -0.0405567126 461
1 91 2 -0.0405567126 -0.0191474388 1428
1 91 3 -0.0191474388 0.0022618350 1746
1 91 4 0.0022618350 0.0236711088 138
1 91 5 0.0236711088 0.0450803826 136
1 91 6 0.0450803826 0.0664896564 35
1 91 7 0.0664896564 0.0878989302 14
1 91 9 0.1093082040 0.1307174778 1
1 92 0 -0.0072129621 0.0549816569 118
1 92 1 0.0549816569 0.1171762759 792
1 92 2 0.1171762759 0.1793708949 1584
1 92 3 0.1793708949 0.2415655139 999
1 92 4 0.2415655139 0.3037601329 458
1 92 5 0.3037601329 0.3659547519 75
1 92 6 0.3659547519 0.4281493709 4
1 93 0 -0.0161118901 0.0955097301 1192
1 93 1 0.0955097301 0.2071313503 1447
1 93 2 0.2071313503 0.3187529705 933
1 93 3 0.3187529705 0.4303745907 375
1 93 4 0.4303745907 0.5419962109 80
1 93 5 0.5419962109 0.6536178311 3
1 94 0 -0.0209407272 0.0572969819 964
1 94 1 0.0572969819 0.1355346910 1687
1 94 2 0.1355346910 0.2137724001 905
1 94 3 0.2137724001 0.2920101092 365
1 94 4 0.2920101092 0.3702478183 105
1 94 5 0.3702478183 0.4484855274 4
1 95 0 -0.1113675095 -0.0868021255 20
1 95 1 -0.0868021255 -0.0622367415 188
1 95 2 -0.0622367415 -0.0376713575 842
1 95 3 -0.0376713575 -0.0131059735 1807
1 95 4 -0.0131059735 0.0114594105 950
1 95 5 0.0114594105 0.0360247945 118
1 95 6 0.0360247945 0.0605901785 68
1 95 7 0.0605901785 0.0851555625 32
1 95 8 0.0851555625 0.1097209465 4
1 95 9 0.1097209465 0.1342863305 1
1 96 0 -0.0047384985 0.0747973595 388
1 96 1 0.0747973595 0.1543332175 1094
1 96 2 0.1543332175 0.2338690755 1544
1 96 3 0.2338690755 0.3134049335 769
1 96 4 0.3134049335 0.3929407915 217
1 96 5 0.3929407915 0.4724766495 18
1 97 0 -0.0204597459 0.0676083392 936
1 97 1 0.0676083392 0.1556764243 1602
1 97 2 0.1556764243 0.2437445094 983
1 97 3 0.2437445094 0.3318125945 393
1 97 4 0.3318125945 0.4198806796 115
1 97 5 0.4198806796 0.5079487647 1
1 98 0 -0.0327095348 0.0309103974 1876
1 98 1 0.0309103974 0.0945303296 1130
1 98 2 0.0945303296 0.1581502618 700
1 98 3 0.1581502618 0.2217701940 273
1 98 4 0.2217701940 0.2853901262 50
1 98 5 0.2853901262 0.3490100584 1
1 99 0 -0.0782243898 -0.0501809866 88
1 99 1 -0.0501809866 -0.0221375834 861
1 99 2 -0.0221375834 0.0059058198 2105
1 99 3 0.0059058198 0.0339492230 562
1 99 4 0.0339492230 0.0619926262 303
1 99 5 0.0619926262 0.0900360294 67
1 99 6 0.0900360294 0.1180794326 40
1 99 7 0.1180794326 0.1461228358 3
1 99 8 0.1461228358 0.1741662390 1
1 100 0 -0.0382659229 0.0347304910 585
1 100 1 0.0347304910 0.1077269049 1269
1 100 2 0.1077269049 0.1807233188 1375
1 100 3 0.1807233188 0.2537197327 639
1 100 4 0.2537197327 0.3267161466 147
1 100 5 0.3267161466 0.3997125605 15
1 101 0 -0.0197515341 0.0849135550 1756
1 101 1 0.0849135550 0.1895786441 1284
1 101 2 0.1895786441 0.2942437332 726
1 101 3 0.2942437332 0.3989088223 195
1 101 4 0.3989088223 0.5035739114 64
1 101 5 0.5035739114 0.6082390005 5
1 102 0 -0.0207179364 0.0663829669 1445
1 102 1 0.0663829669 0.1534838702 1446
1 102 2 0.1534838702 0.2405847735 792
1 102 3 0.2405847735 0.3276856768 257
1 102 4 0.3276856768 0.4147865801 85
1 102 5 0.4147865801 0.5018874834 5
1 103 0 -0.1008495538 -0.0790025218 75
1 103 1 -0.0790025218 -0.0571554898 317
1 103 2 -0.0571554898 -0.0353084578 1083
1 103 3 -0.0353084578 -0.0134614258 1626
1 103 4 -0.0134614258 0.0083856062 808
1 103 5 0.0083856062 0.0302326382 87
1 103 6 0.0302326382 0.0520796702 26
1 103 7 0.0520796702 0.0739267022 3
1 103 8 0.0739267022 0.0957737342 4
1 103 10 0.1176207662 0.1394677982 1
1 104 0 -0.0885365608 -0.0653016610 51
1 104 1 -0.0653016610 -0.0420667612 374
1 104 2 -0.0420667612 -0.0188318614 1442
1 104 3 -0.0188318614 0.0044030384 1725
1 104 4 0.0044030384 0.0276379382 249
1 104 5 0.0276379382 0.0508728380 115
1 104 6 0.0508728380 0.0741077378 42
1 104 7 0.0741077378 0.0973426376 32
1 105 0 -0.1143428598 -0.0937283456 40
1 105 1 -0.0937283456 -0.0731138314 229
1 105 2 -0.0731138314 -0.0524993172 813
1 105 3 -0.0524993172 -0.0318848030 1524
1 105 4 -0.0318848030 -0.0112702888 1197
1 105 5 -0.0112702888 0.0093442254 218
1 105 6 0.0093442254 0.0299587396 9
1 106 0 -0.0088008098 0.0850808729 1105
1 106 1 0.0850808729 0.1789625556 1510
1 106 2 0.1789625556 0.2728442383 944
1 106 3 0.2728442383 0.3667259210 369
1 106 4 0.3667259210 0.4606076037 99
1 106 5 0.4606076037 0.5544892864 3
1 107 0 -0.0273408777 0.0269749381 985
1 107 1 0.0269749381 0.0812907539 1106
1 107 2 0.0812907539 0.1356065697 1422
1 107 3 0.1356065697 0.1899223855 470
1 107 4 0.1899223855 0.2442382013 45
1 107 5 0.2442382013 0.2985540171 2
1 108 0 -0.1318083929 -0.1108798930 18
1 108 1 -0.1108798930 -0.0899513931 114
1 108 2 -0.0899513931 -0.0690228932 465
1 108 3 -0.0690228932 -0.0480943933 921
1 108 4 -0.0480943933 -0.0271658934 1812
1 108 5 -0.0271658934 -0.0062373935 687
1 108 6 -0.0062373935 0.0146911064 13
1 109 0 -0.0726890511 -0.0499747414 118
1 109 1 -0.0499747414 -0.0272604317 865
1 109 2 -0.0272604317 -0.0045461220 2167
1 109 3 -0.0045461220 0.0181681877 495
1 109 4 0.0181681877 0.0408824974 260
1 109 5 0.0408824974 0.0635968071 89
1 109 6 0.0635968071 0.0863111168 26
1 109 7 0.0863111168 0.1090254265 7
1 109 8 0.1090254265 0.1317397362 2
1 109 9 0.1317397362 0.1544540459 1
1 110 0 -0.1061015550 -0.0879094398 23
1 110 1 -0.0879094398 -0.0697173246 143
1 110 2 -0.0697173246 -0.0515252094 565
1 110 3 -0.0515252094 -0.0333330942 1117
1 110 4 -0.0333330942 -0.0151409790 1643
1 110 5 -0.0151409790 0.0030511362 521
1 110 6 0.0030511362 0.0212432514 12
1 110 7 0.0212432514 0.0394353666 6
1 111 0 -0.0223516840 0.0334567150 582
1 111 1 0.0334567150 0.0892651140 1221
1 111 2 0.0892651140 0.1450735130 1529
1 111 3 0.1450735130 0.2008819120 546
1 111 4 0.2008819120 0.2566903110 137
1 111 5 0.2566903110 0.3124987100 14
1 111 6 0.3124987100 0.3683071090 1
1 112 0 -0.1158408588 -0.0941459825 30
1 112 1 -0.0941459825 -0.0724511062 219
1 112 2 -0.0724511062 -0.0507562299 687
1 112 3 -0.0507562299 -0.0290613536 1446
1 112 4 -0.0290613536 -0.0073664773 1383
1 112 5 -0.0073664773 0.0143283990 240
1 112 6 0.0143283990 0.0360232753 21
1 112 7 0.0360232753 0.0577181516 4
1 113 0 -0.0737309979 -0.0561610969 85
1 113 1 -0.0561610969 -0.0385911959 602
1 113 2 -0.0385911959 -0.0210212949 1527
1 113 3 -0.0210212949 -0.0034513939 1473
1 113 4 -0.0034513939 0.0141185071 252
1 113 5 0.0141185071 0.0316884081 49
1 113 6 0.0316884081 0.0492583091 19
1 113 7 0.0492583091 0.0668282101 11
1 113 8 0.0668282101 0.0843981111 7
1 113 9 0.0843981111 0.1019680121 3
1 113 10 0.1019680121 0.1195379131 1
1 113 11 0.1195379131 0.1371078141 1
1 114 0 -0.0098654570 0.0779371812 730
1 114 1 0.0779371812 0.1657398194 1687
1 114 2 0.1657398194 0.2535424576 1092
1 114 3 0.2535424576 0.3413450958 382
1 114 4 0.3413450958 0.4291477340 111
1 114 5 0.4291477340 0.5169503722 26
1 114 6 0.5169503722 0.6047530104 2
1 115 0 -0.0061151528 0.0832381082 647
1 115 1 0.0832381082 0.1725913692 1568
1 115 2 0.1725913692 0.2619446302 1093
1 115 3 0.2619446302 0.3512978912 579
1 115 4 0.3512978912 0.4406511522 131
1 115 5 0.4406511522 0.5300044132 11
1 115 6 0.5300044132 0.6193576742 1
1 116 0 0.0023842393 0.0758767589 51
1 116 1 0.0758767589 0.1493692785 644
1 116 2 0.1493692785 0.2228617981 1694
1 116 3 0.2228617981 0.2963543177 1073
1 116 4 0.2963543177 0.3698468373 432
1 116 5 0.3698468373 0.4433393569 125
1 116 6 0.4433393569 0.5168318765 11
1 117 0 -0.0330473698 0.0329320292 1752
1 117 1 0.0329320292 0.0989114282 1166
1 117 2 0.0989114282 0.1648908272 752
1 117 3 0.1648908272 0.2308702262 306
1 117 4 0.2308702262 0.2968496252 53
1 117 5 0.2968496252 0.3628290242 1
1 118 0 -0.0898308985 -0.0742145638 22
1 118 1 -0.0742145638 -0.0585982291 67
1 118 2 -0.0585982291 -0.0429818944 245
1 118 3 -0.0429818944 -0.0273655597 809
1 118 4 -0.0273655597 -0.0117492250 1565
1 118 5 -0.0117492250 0.0038671097 1230
1 118 6 0.0038671097 0.0194834444 60
1 118 7 0.0194834444 0.0350997791 22
1 118 8 0.0350997791 0.0507161138 7
1 118 9 0.0507161138 0.0663324485 2
1 118 10 0.0663324485 0.0819487832 1
1 119 0 -0.1305448974 -0.1067143749 7
1 119 1 -0.1067143749 -0.0828838524 104
1 119 2 -0.0828838524 -0.0590533299 392
1 119 3 -0.0590533299 -0.0352228074 1097
1 119 4 -0.0352228074 -0.0113922849 1742
1 119 5 -0.0113922849 0.0124382376 602
1 119 6 0.0124382376 0.0362687601 53
1 119 7 0.0362687601 0.0600992826 32
1 119 8 0.0600992826 0.0839298051 1
1 120 0 -0.0095783801 0.0511777115 573
1 120 1 0.0511777115 0.1119338031 1447
1 120 2 0.1119338031 0.1726898947 1356
1 120 3 0.1726898947 0.2334459863 520
1 120 4 0.2334459863 0.2942020779 124
1 120 5 0.2942020779 0.3549581695 10
1 121 0 -0.0707967630 -0.0537538524 72
1 121 1 -0.0537538524 -0.0367109418 554
1 121 2 -0.0367109418 -0.0196680312 1404
1 121 3 -0.0196680312 -0.0026251206 1625
1 121 4 -0.0026251206 0.0144177900 262
1 121 5 0.0144177900 0.0314607006 72
1 121 6 0.0314607006 0.0485036112 23
1 121 7 0.0485036112 0.0655465218 12
1 121 8 0.0655465218 0.0825894324 3
1 121 9 0.0825894324 0.0996323430 3
1 122 0 -0.0133592431 0.0525280904 1199
1 122 1 0.0525280904 0.1184154239 1550
1 122 2 0.1184154239 0.1843027574 885
1 122 3 0.1843027574 0.2501900909 315
1 122 4 0.2501900909 0.3160774244 74
1 122 5 0.3160774244 0.3819647579 7
1 123 0 -0.0882217267 -0.0555302272 101
1 123 1 -0.0555302272 -0.0228387277 1017
1 123 2 -0.0228387277 0.0098527718 2087
1 123 3 0.0098527718 0.0425442713 434
1 123 4 0.0425442713 0.0752357708 252
1 123 5 0.0752357708 0.1079272703 117
1 123 6 0.1079272703 0.1406187698 18
1 123 7 0.1406187698 0.1733102693 4
1 124 0 -0.0207877637 0.0620243531 596
1 124 1 0.0620243531 0.1448364699 1298
1 124 2 0.1448364699 0.2276485867 1326
1 124 3 0.2276485867 0.3104607035 671
1 124 4 0.3104607035 0.3932728203 133
1 124 5 0.3932728203 0.4760849371 6
1 125 0 -0.1126034428 -0.0879780331 41
1 125 1 -0.0879780331 -0.0633526234 230
1 125 2 -0.0633526234 -0.0387272137 789
1 125 3 -0.0387272137 -0.0141018040 1568
1 125 4 -0.0141018040 0.0105236057 1177
1 125 5 0.0105236057 0.0351490154 162
1 125 6 0.0351490154 0.0597744251 53
1 125 7 0.0597744251 0.0843998348 7
1 125 8 0.0843998348 0.1090252445 2
1 125 9 0.1090252445 0.1336506542 1
1 126 0 -0.0223646242 0.0718134723 376
1 126 1 0.0718134723 0.1659915688 1490
1 126 2 0.1659915688 0.2601696653 1271
1 126 3 0.2601696653 0.3543477618 678
1 126 4 0.3543477618 0.4485258583 206
1 126 5 0.4485258583 0.5427039548 9
1 127 0 -0.0895559187 -0.0687509773 104
1 127 1 -0.0687509773 -0.0479460359 567
1 127 2 -0.0479460359 -0.0271410945 1208
1 127 3 -0.0271410945 -0.0063361531 1656
1 127 4 -0.0063361531 0.0144687883 396
1 127 5 0.0144687883 0.0352737297 66
1 127 6 0.0352737297 0.0560786711 24
1 127 7 0.0560786711 0.0768836125 9
