inputId Score
9046 4300.7767
9047 4201.3155
9052 1615.5556
9058 4324.1495
9063 4225.0554
9064 4324.1495
9066 4391.4680
9072 789.3151
9075 4354.3329
9077 644.6281
9083 2034.1813
9086 4327.0139
9087 4324.1495
9092 4235.2932
9094 4297.2191
9097 4236.2565
9100 4269.3246
9103 476.6955
9107 4324.1495
9123 4327.0139
9125 4181.0593
9129 4356.5093
9131 4324.1495
9133 4327.0139
9136 4071.0691
9141 4355.0863
9144 437.9962
9147 4327.0139
9151 4196.9961
9152 4199.5699
9153 4268.6793
9156 4356.7532
9157 291.5574
9162 4359.6176
9171 4030.2447
9179 4324.1495
9185 4355.9999
9188 275.5637
9189 4327.0139
9190 856.5798
9193 4267.7560
9195 4320.1385
9198 4324.1495
9199 4325.5013
9200 4327.0139
9201 4356.7532
9214 4356.5093
9216 4324.1495
9220 4325.9282
9222 4267.6247
9223 4359.6176
9226 147.3848
9235 4327.0139
9241 4387.6187
9243 1765.9406
9246 4420.9634
9247 2783.0545
9251 4324.1495
9252 1505.9072
9261 4388.3597
9263 4332.6270
9265 4388.6036
9266 4391.4680
9267 4420.9634
9276 4327.0139
9277 4391.4680
9285 4237.1538
9287 4031.9116
9289 3852.4800
9290 4356.5093
9291 4388.6036
9292 4359.6176
9293 2028.9695
9296 4203.0886
9299 4328.5701
9301 4359.6176
9306 4420.9634
9312 4265.0782
9316 4391.4680
9326 458.3880
9327 4358.8643
9328 4388.6036
9332 4328.4324
9336 835.4230
9339 4267.5820
9341 4355.9999
9343 4322.4826
9348 4354.3329
9350 4420.9634
9355 287.9531
9357 4391.4680
9360 4324.1495
9361 4167.1952
9362 4269.8354
9367 128.6631
9369 4327.0139
9371 4388.3597
9373 4290.7201
9378 4324.1495
9381 4356.5093
9382 4324.1495
9383 4354.3329
9389 143.9339
9391 3728.6639
9395 4391.4680
9400 148.5493
9402 141.2323
9406 4327.0139
9407 4327.0139
9412 3296.2576
9414 4356.7532
9415 3023.3309
9416 4324.1495
9417 4324.1495
9419 4231.8027
9421 193.8106
9422 3779.9631
9427 4324.1495
9428 4330.5160
9429 4297.9123
9443 4297.9123
9455 4324.1495
9457 4356.7532
9460 1303.9529
9462 4297.9123
9464 4389.1130
9466 4356.5093
9470 4234.8340
9472 4356.7532
9473 2792.9269
9475 4030.2447
9476 4356.5093
9478 3192.1306
9480 1028.6788
9481 4388.6036
9482 3652.6553
9487 4359.6176
9495 3916.4539
9496 4359.6176
9499 4128.5978
9500 4354.3329
9502 4355.9999
9503 4297.9123
9508 4356.5093
9509 4125.4413
9513 4324.1495
9519 4327.0139
9522 130.9798
9524 4356.7532
9527 181.0309
9529 1235.7232
9531 4324.1495
9533 1138.8922
9535 4329.1527
9538 4354.3329
9539 4356.5093
9540 371.0846
9543 4355.9999
9546 4355.0863
9547 1266.7656
9550 4270.0656
9553 221.3551
9555 3557.1822
9556 2964.0527
9558 4089.2376
9563 145.0458
9564 4324.1495
9566 3967.5199
9567 4356.7532
9578 4359.6176
9583 3933.1009
9586 4297.2191
9589 3816.9183
9592 4324.1495
9593 4359.6176
9598 143.6233
9600 4420.9634
9604 3756.4310
9607 4327.0139
9610 4388.3597
9612 4299.3159
9614 4270.5764
9615 3600.1808
9618 4295.5522
9622 4391.4680
9623 4388.6036
9628 4359.6176
9629 4231.5317
9630 4237.1538
9633 4355.9999
9635 4207.7954
9640 4237.1939
9641 4324.1495
9642 1505.0911
9644 4324.1495
9651 4295.9664
9652 2907.2191
9654 4386.9367
9664 3995.9196
9665 4327.0139
9668 4356.7532
9670 4388.6036
9671 3816.9554
9673 4288.3760
9675 4355.9999
9676 4420.9634
9682 4322.4826
9685 4010.6419
9688 4391.4680
9689 4391.4680
9690 4420.9634
9691 4327.0139
9692 267.0790
9694 4359.6176
9696 4293.6918
9705 4258.8453
9708 3066.1802
9709 4420.9634
9713 4327.0139
9714 4295.2721
9715 4391.4680
9716 3585.5946
9717 4391.4680
9718 349.6665
9719 4359.6176
9720 4019.4950
9722 4233.5935
9723 4321.8055
9724 4355.9999
9728 4255.1756
9729 4166.4460
9732 4358.8643
9738 4139.2107
9739 273.5921
9742 4356.5093
9744 4271.6750
9747 4359.6176
9753 4355.9999
9766 4327.0139
9767 4389.1130
9770 4327.0139
9772 4322.4826
9773 4391.4680
9774 4359.6176
9781 4300.7767
9784 4327.0139
9791 4420.9634
9793 4288.3760
9794 322.1688
9795 4231.7268
9798 875.1719
9802 4386.9367
9810 3593.3631
9813 4322.4826
9827 4356.7532
9834 4355.9999
9835 4391.4680
9838 4297.9123
9842 309.1677
9849 4299.6781
9850 4359.7720
9851 4288.3760
9855 190.9639
9857 4324.1495
9861 2515.4906
9866 4324.1495
9870 4327.0139
9877 4176.2484
9880 1185.7462
9882 4330.5160
9886 4327.0139
9892 2547.2575
9895 4296.8137
9897 2801.2344
9901 4304.2787
9904 4354.3329
9908 4296.0727
9910 4327.0139
9912 4388.6036
9913 4299.6781
9914 4358.3857
9915 4356.7532
9916 1999.2804
9917 4327.0139
9918 4358.8643
9927 4202.7087
9930 4358.8643
9933 4324.1495
9934 4354.3329
9938 3920.4370
9939 143.7747
9940 4327.0139
9942 4356.7532
9946 4183.4631
9948 4324.1495
9951 4061.0697
9963 4355.0863
9964 4144.3225
9967 1934.4085
9973 4359.6176
9974 906.6842
9975 4327.0139
9979 1342.0424
9981 4298.4326
9984 4420.9634
9988 4272.3422
10003 4388.3597
10014 4326.2730
10016 1186.9159
10017 1451.6077
10019 4296.5249
10020 4330.5160
10023 4355.9999
10025 4327.0139
10026 4327.0139
10027 4327.0139
10030 4391.4680
10032 4358.3857
10033 4268.3656
10035 1178.7985
10037 4176.2442
10042 4300.7767
10043 2861.3424
10047 4324.1495
10053 4358.8643
10055 4388.3597
10056 2511.0248
10057 4300.7767
10058 137.6727
10059 4355.9999
10061 317.2899
10062 4420.9634
10067 4356.7532
10070 4388.6036
10072 4359.1267
10073 4296.2453
10078 4297.1713
10081 4265.3831
10082 4270.5764
10091 4359.6176
10099 4290.7201
10101 4327.0139
10102 4299.8108
10105 154.2120
10110 318.1378
10115 4358.8643
10122 4362.1224
10123 4234.6088
10124 2873.5531
10125 4223.4050
10127 4297.9123
10129 4355.9999
10131 4389.1130
10146 4175.9714
10154 4327.0139
10157 4356.7532
10168 4388.3597
10169 4193.3241
10180 3863.1407
10181 4324.1495
10184 4391.4680
10185 4235.7456
10188 4328.6626
10197 4322.4826
10198 4324.1495
10199 2191.5051
10208 4269.3724
10209 4324.1495
10211 4324.1495
10216 4324.1495
10217 4332.0348
10229 4267.7560
10230 4356.7532
10232 4233.9157
10235 4235.8824
10237 4262.1388
10238 4327.0139
10240 4324.1495
10252 1132.1321
10254 4324.1495
10259 4048.8094
10262 1247.4372
10264 4135.9624
10266 131.2273
10268 3418.3065
10269 4327.0139
10270 4264.1303
10272 4356.7532
10274 466.2311
10276 4324.1495
10277 1729.6838
10278 4355.9999
10282 4334.0456
10283 1887.4004
10286 4324.1495
10287 4388.3597
10288 3698.6718
10291 4271.5891
10294 4388.6036
10298 4391.4680
10305 4355.9999
10308 133.4971
10309 4355.9999
10313 4297.1713
10326 4300.7767
10327 4356.7532
10331 3311.5360
10333 4355.9999
10335 2013.9478
10339 4356.7532
10340 4327.0139
10347 4356.7532
10348 4388.6036
10354 4359.6176
10356 4391.4680
10362 4359.6176
10365 4356.7532
10366 4172.1452
10369 4420.9634
10372 4323.4553
10373 4358.8643
10381 4391.4680
10383 4302.8344
10384 4389.1130
10388 4387.6187
10392 4388.6036
10393 4233.0599
10397 3810.0824
10398 4362.1224
10405 4324.1495
10413 4304.1926
10416 1806.7091
10423 4358.8643
10428 4127.7501
10432 4355.9999
10433 4296.0727
10436 4048.0394
10441 4327.0139
10442 4420.9634
10444 4326.3402
10445 2779.0747
10448 4327.0139
10449 4262.8159
10455 4355.9999
10456 3527.7431
10458 2652.9599
10460 4197.3112
10465 3566.4267
10467 4050.6968
10474 4356.0590
10475 4356.5093
10476 4172.1045
10479 4324.1495
10483 4324.1495
10486 4324.1495
10489 145.7516
10494 4295.5522
10495 4201.7604
10497 3917.9879
10499 4356.7532
10500 4391.4680
10506 4268.3656
10507 4391.4680
10514 617.1326
10517 4286.0681
10518 3881.4139
10521 3876.4257
10525 144.7580
10531 4389.1130
10536 4297.9123
10538 4387.6187
10542 4355.9999
10554 4270.0656
10555 4388.3597
10557 4296.2453
10559 4324.1495
10568 4388.6036
10570 4356.7532
10575 4299.6781
10576 4169.7014
10578 4324.1495
10579 142.6291
10580 4356.5093
10581 4291.5684
10582 4354.3329
10583 4331.9533
10590 4391.4680
10594 4295.5682
10597 1557.0889
10599 4334.0456
10600 3839.6658
10606 4420.9634
10607 2091.4747
10609 4391.4680
10611 3256.3080
10614 4420.9634
10615 4355.9999
10619 1195.9292
10620 4355.9999
10621 4296.0956
10626 4104.5317
10630 4305.6966
10632 3915.0816
10635 4201.7604
10639 4300.7767
10642 164.8895
10645 4070.4376
10652 4420.9634
10653 4199.8833
10656 4356.5093
10659 133.3398
10662 3482.2749
10665 325.9829
10666 4355.9999
10667 4300.7767
10668 1573.5122
10670 4324.6699
10672 4327.0139
10674 4327.0139
10677 4358.8643
10687 4328.6626
10691 3757.7385
10692 4356.5093
10703 4201.7604
10708 188.4608
10710 4389.1130
10722 4355.9999
10724 4264.4828
10725 4420.9634
10726 4270.9819
10729 4269.3724
10731 4322.4826
10732 4359.6176
10734 4260.1740
10742 4359.6176
10744 4355.9999
10745 4332.6270
10746 4355.9999
10747 4391.4680
10748 4321.8055
10749 4300.7767
10753 148.2844
10754 4359.6176
10756 1350.3220
10757 4388.3597
10763 4391.4680
10764 4327.0139
10766 4355.9999
10767 1199.0250
10769 4078.9325
10772 155.5924
10775 1001.2768
10784 4300.7767
10786 4420.9634
10789 3354.4022
10793 4391.4680
10795 4234.3912
10798 4297.9123
10799 4300.7767
10800 4359.6176
10801 4327.4123
10805 4300.7767
10813 2179.6707
10816 4327.0139
10817 4355.9999
10819 2619.3857
10824 4354.3329
10826 4168.3705
10827 4322.4826
10830 4327.0139
10833 4324.1495
10834 132.8342
10837 148.6010
10844 4231.1357
10845 4391.4680
10849 4358.8643
10850 4391.4680
10851 4359.6176
10854 4300.7767
10857 4201.3907
10872 4053.7359
10873 4296.0727
10885 4327.0139
10889 767.6880
10891 4030.2447
10901 4303.5856
10902 4324.1495
10903 4389.1130
10904 135.9476
10905 4355.9999
10906 357.3178
10909 4391.4680
10914 1809.6227
10919 3902.6630
10920 168.2339
10922 4356.5093
10937 4227.2714
10939 4360.0063
10942 4356.5093
10944 4200.9320
10949 4172.1045
10950 3952.4876
10956 4359.6176
10966 4388.3597
10970 3966.3343
10972 203.7416
10977 129.2122
10981 4297.9123
10984 4324.1495
10990 4388.6036
10991 4175.0244
10992 4324.1495
10993 182.7250
10994 3966.7495
10997 4166.6973
10999 4359.6176
11000 4354.3329
11003 4324.1495
11005 4359.7720
11006 4358.8643
11011 3807.2770
11016 4358.8643
11020 4288.1287
11026 4324.1495
11031 4300.7767
11032 4264.3060
11033 4420.9634
11035 4359.6176
11036 2560.8713
11038 4300.7767
11042 4286.7760
11046 4270.7539
11047 4297.9123
11048 4258.0400
11049 3998.9467
11053 4297.9123
11055 4324.1495
11057 4391.4680
11063 4355.9999
11068 3447.7179
11069 4391.4680
11072 4327.0139
11073 4420.9634
11080 2021.8343
11082 4227.9678
11083 4388.3597
11085 3194.1081
11095 4294.8273
11102 4355.9999
11104 3909.9304
11106 4300.7767
11107 4391.4680
11109 4420.9634
11111 153.5935
11115 2223.5653
11125 4327.0139
11129 4391.4680
11133 4322.4826
11134 411.5385
11135 4327.0139
11136 4296.2453
11138 4389.1130
11139 4107.9590
11141 4290.7201
11142 4327.0139
11148 4300.7767
11149 180.7893
11159 235.7228
11161 1063.9825
11162 4356.7532
11170 3822.6705
11182 4296.0727
11184 4236.0019
11186 3203.7654
11189 4224.0296
11192 4359.6176
11193 4356.5093
11197 906.9369
11198 4087.2260
11208 4356.7532
11209 131.5935
11212 3931.4339
11214 205.7878
11217 4358.8643
11218 4324.1495
11221 4391.4680
11222 170.5379
11225 4391.4680
11233 4232.2648
11234 4322.4826
11239 4330.2720
11241 4288.3760
11243 4391.4680
11249 4358.8643
11250 4388.3597
11253 4289.0531
11261 4357.3517
11264 4008.3178
11267 4327.0139
11271 248.1362
11272 142.5497
11283 4327.0139
11284 4290.7201
11285 4322.4826
11286 182.0804
11291 4357.5711
11297 4358.8643
11299 4355.9999
11303 4386.9367
11304 4356.7532
11306 4389.1130
11310 3904.3300
11311 4420.9634
11312 4354.3329
11315 4356.5093
11328 4388.3597
11329 4324.1495
11331 3486.7905
11336 1789.6827
11337 4388.6036
11342 4297.9123
11343 4296.0727
11347 4320.1385
11348 1118.9967
11350 4270.5764
11352 4327.0139
11354 4298.4326
11356 4330.5997
11359 4297.7809
11360 4142.0640
11361 526.1495
11362 3891.0857
11365 4355.9999
11366 3900.9629
11367 4355.9999
11368 130.7492
11379 4391.4680
11383 4301.5795
11385 4047.4340
11387 4327.0139
11388 4355.9999
11389 4271.6750
11398 4356.5093
11401 129.4277
11403 4322.4826
11404 4297.9123
11412 4327.0139
11414 4166.4460
11415 4359.6176
11418 4386.9367
11420 4325.9046
11424 928.4776
11430 3647.6732
11444 4358.8643
11446 4288.3760
11447 3262.9434
11454 4327.0139
11455 4391.4680
11457 4391.4680
11459 4207.4355
11461 4354.3329
11462 4359.6176
11464 4296.8448
11467 2140.6865
11471 4420.9634
11473 3600.4321
11474 4075.9680
11476 4355.9999
11479 4386.9367
11485 4388.6036
11488 3668.7937
11489 4261.1424
11494 4391.4680
11495 4327.0139
11499 4327.0139
11501 4327.0139
11503 4324.1495
11508 313.2496
11510 4237.1538
11513 3850.0607
11515 4229.2134
11522 4420.9634
11523 4358.8643
11524 4300.7767
11528 4388.3597
11530 4324.1495
11539 4300.7767
11553 4264.3060
11554 4235.9376
11555 4359.6176
11559 1661.5810
11560 2388.8986
11562 4359.6176
11564 4324.1495
11565 3976.9553
11566 4359.6176
11567 4355.9999
11568 4327.0139
11570 4259.7079
11571 4269.7291
11574 153.9208
11575 4264.4828
11579 4356.7532
11581 4391.4680
11593 4388.6036
11594 4322.4826
11595 4111.7733
11609 4294.8273
11610 2143.0729
11612 3654.3228
11621 4322.4826
11624 141.8497
11625 2094.9157
11628 4324.1495
11629 4289.5971
11634 1000.2471
11640 2160.2139
11643 4149.3566
11644 4300.7767
11645 276.1235
11646 4262.0382
11648 4296.2453
11649 4328.8379
11653 4356.7532
11654 2959.2214
11659 1199.0250
11662 4356.7532
11666 4286.7091
11668 4113.5047
11670 1963.7087
11671 4225.9939
11674 3018.4354
11677 3963.4185
11679 2035.6939
11681 4327.0139
11684 2482.6879
11688 4054.4540
11690 4327.0139
11691 4420.9634
11697 4303.8571
11705 4324.1495
11706 4355.9999
11710 4327.0139
11712 4324.1495
11713 4324.1495
11714 4324.1495
11716 4226.9869
11721 3164.3982
11722 4169.9238
11724 4359.6176
11725 4200.9320
11727 168.0232
11732 4297.9123
11740 4355.9999
11743 4355.9999
11744 4327.0139
11746 4387.6187
11748 483.4001
11749 4288.4564
11753 4296.2453
11755 4231.4013
11758 4388.6036
11763 4388.6036
11764 4227.9282
11765 2421.5252
11766 4298.5053
11772 4297.9123
11775 4290.0791
11776 4388.3597
11780 4288.3760
11782 2133.1899
11785 4420.9634
11788 4420.9634
11791 4359.6176
11792 4388.3597
11795 4262.1388
11798 4356.7532
11803 4264.4828
11804 4389.1130
11807 3731.9663
11809 3287.6710
11815 4327.0139
11817 4356.5093
11820 4166.4460
11824 1327.7280
11825 4359.6176
11826 4325.6829
11828 3990.7150
11831 4328.2075
11833 4327.0139
11835 4103.5310
11837 3920.6962
11839 4391.4680
11847 4227.9678
11848 4356.5093
11852 202.0543
11854 4227.9678
11855 4359.6176
11856 4358.8643
11857 197.5916
11864 1536.8642
11877 4296.2453
11879 4388.6036
11882 2709.0614
11884 4356.7532
11886 3666.9735
11890 250.0726
11892 4296.3028
11894 2300.3581
11896 1526.3714
11899 4388.3597
11901 4356.7532
11904 283.8198
11911 4300.7389
11912 4322.4826
11913 2776.4909
11915 4268.1685
11917 4081.2784
11922 4389.1130
11924 4391.4680
11931 4386.9367
11932 528.9735
11934 4199.0924
11936 4420.9634
11947 4388.3597
11954 4354.3329
11955 4327.0139
11960 4359.6176
11964 4236.5786
11965 4355.9999
11966 4355.9999
11969 816.2607
11970 166.5237
11971 266.0111
11972 4295.2721
11976 3762.2137
11979 4324.1495
11980 1356.6984
11982 4324.1495
11985 2029.8367
11986 4324.1495
11987 4288.3760
11988 4286.7091
11990 4391.4680
11993 4327.0139
11997 4388.6036
12005 4324.1495
12007 4327.0139
12010 4388.3597
12011 4324.1495
12012 4359.7720
12014 4388.6036
12020 4296.0727
12022 4327.0139
12023 146.2450
12025 4324.1495
12031 4324.1495
12043 3897.9956
12044 4043.5079
12050 4296.2453
12052 4324.1495
12059 4359.6176
12060 4356.5093
12061 4420.9634
12065 4386.9367
12066 4290.7201
12068 4391.4680
12073 3697.6850
12074 4270.9819
12077 4324.1495
12078 3246.0240
12079 4327.0139
12084 422.4821
12086 3828.3181
12089 4237.1538
12091 4268.3986
12092 146.5354
12093 4296.8448
12095 4231.7268
12096 4324.1495
12097 3934.4083
12099 4324.1495
12100 4014.8342
12105 4389.1130
12108 4356.7532
12110 3855.9417
12111 4270.5026
12112 1800.9732
12117 1252.9037
12121 4327.0139
12123 4355.9999
12125 2116.1341
12128 4299.6781
12131 231.4649
12132 4297.9123
12134 4355.9999
12143 4420.9634
12144 555.1598
12161 4327.0139
12164 4420.9634
12165 4356.5093
12169 4324.1495
12172 3284.9652
12173 4322.4826
12174 4356.5093
12176 4236.3543
12177 4294.6359
12180 4324.1495
12183 4231.4755
12185 4388.6036
12187 147.0609
12188 4420.9634
12194 4391.4680
12201 4321.8055
12203 4327.0139
12209 4149.2039
12213 4286.7091
12216 990.6019
12218 4324.1495
12220 4269.7687
12232 4329.3061
12235 4255.1756
12236 4327.0139
12237 4327.0139
12239 4319.1289
12243 4327.0139
12248 4322.4826
12252 3159.9212
12255 4304.4439
12256 4201.7604
12257 305.9689
12258 3741.2928
12263 4391.4680
12268 4300.0835
12269 4388.3597
12271 4327.0139
12273 4356.5093
12277 3359.3540
12279 4297.9123
12285 4388.3597
12286 152.1318
12287 4268.3805
12289 4267.7215
12290 4293.6918
12300 4139.3931
12311 4324.1495
12313 3888.7664
12317 3926.3134
12320 4202.9661
12326 4355.9999
12327 4388.3597
12329 994.6755
12333 4356.7532
12335 4362.1224
12336 2940.8478
12338 3792.3880
12341 3759.0042
12351 4356.5093
12352 3947.4874
12356 166.8305
12360 4355.9999
12365 4420.9634
12366 4356.7532
12371 4293.9013
12373 170.2355
12376 4288.3760
12377 4358.8643
12387 4324.1495
12399 4359.6176
12402 4327.9216
12405 1525.1021
12407 4355.9999
12409 2513.6277
12410 1194.1092
12414 3215.1750
12415 4300.7767
12416 4237.1538
12417 223.2739
12418 4391.4680
12423 4322.4826
12426 4208.3228
12427 4296.2453
12431 4355.9999
12440 4203.0132
12441 290.6520
12442 149.6124
12451 4358.8643
12453 4327.0139
12455 4324.1495
12460 162.9515
12462 4327.0139
12464 4269.2671
12466 4262.1748
12469 4391.4680
12471 4322.4826
12473 4323.4553
12480 4420.9634
12481 1212.0917
12482 4324.1495
12484 4327.0139
12489 191.3170
12491 4358.8643
12493 4322.4826
12494 1371.9482
12497 1361.9748
12503 405.6830
12507 2028.6210
12508 4327.0139
12512 4293.1416
12514 4305.6966
12515 4355.9999
12516 4290.9491
12518 4355.9999
12521 4231.0514
12524 4297.9123
12526 4388.3597
12530 4327.0139
12533 4268.4970
12535 4265.0782
12539 4288.3760
12540 4230.1838
12542 4359.6176
12548 1299.4832
12549 4358.8643
12550 4267.6247
12557 4327.0139
12559 4330.2720
12560 258.0115
12561 4303.5254
12564 4300.7767
12576 4391.4680
12577 4327.0139
12580 4420.9634
12585 4391.4680
12588 4298.9371
12591 4288.3760
12593 4324.1495
12595 4164.6770
12597 3965.1612
12598 4388.3597
12600 141.4663
12604 293.3953
12605 4261.5486
12610 4391.4680
12616 4206.0969
12621 4295.1467
12630 4388.3597
12631 4229.2034
12639 4239.7640
12642 4303.5856
12646 4286.7091
12649 4272.9300
12653 4327.0139
12654 4209.0639
12657 654.9715
12661 4268.7306
12667 4292.9435
12670 4270.0656
12674 4300.7767
12675 3834.1843
12677 1367.4743
12681 4262.1748
12685 4323.4553
12693 3961.8167
12696 4355.9999
12697 171.2535
12704 4388.6036
12707 4388.3597
12710 4324.1495
12711 4097.5457
12715 881.8981
12718 2034.3526
12719 4324.1495
12720 4420.9634
12729 149.1013
12732 4388.3597
12739 4048.7215
12745 4290.0791
12748 4391.4680
12756 154.5687
12757 4360.5130
12760 4355.9999
12762 821.7240
12764 167.0418
12765 1881.6031
12768 2190.7109
12776 4324.1495
12782 1175.4673
12783 1520.5846
12796 4293.0673
12800 4356.7532
12802 4334.0456
12803 2458.4344
12804 3939.3885
12809 4327.0139
12810 4356.5093
12815 197.9305
12819 4287.7350
12821 4261.9829
12822 4327.0139
12828 4388.3597
12830 4358.8643
12833 4267.7560
12835 146.6712
12837 4324.1495
12840 4297.9123
12843 1114.8269
12844 3967.5199
12845 4264.8463
12849 4420.9634
12851 4300.7767
12852 4391.4680
12858 174.6883
12859 4355.9999
12860 4420.9634
12861 4356.5093
12864 4327.0139
12869 4256.8355
12875 4420.9634
12876 4322.4826
12878 4359.6176
12881 4296.2453
12885 4324.1495
12887 4226.9869
12893 4388.6036
12894 4200.7325
12895 4329.1734
12896 3878.9594
12900 4324.1495
12904 4327.0139
12905 1969.8945
12906 4388.3597
12913 4324.1495
12920 4327.0139
12923 4388.6036
12924 134.7268
12926 4391.4680
12935 4356.7532
12936 4296.2453
12938 4358.8643
12939 4388.6036
12940 4359.6176
12943 4297.9123
12946 4231.9438
12947 4261.4456
12949 4391.4680
12959 4322.4826
12964 4388.6036
12966 4389.1130
12967 4270.0656
12968 168.5372
12971 1240.6087
12985 2171.7226
12986 4420.9634
12987 4288.3760
12991 4324.1495
12992 4389.1130
12993 4270.7539
13000 225.7606
13001 151.7703
13002 2963.1275
13007 559.5774
13008 4233.6727
13011 210.8464
13019 1866.3233
13020 4324.1495
13021 1721.7640
13029 3649.2487
13030 4359.6176
13031 4288.3760
13033 4274.5394
13044 4119.7481
13049 4261.6004
13050 2245.9807
13053 4361.3814
13059 4329.7627
13061 4324.1495
13070 4264.4828
13074 4297.2180
13077 4391.4680
13078 4391.4680
13080 4322.4826
13081 4391.4680
13084 4355.9999
13085 4264.4828
13086 4295.5619
13087 4324.1495
13088 4354.3329
13089 4255.1756
13090 4359.6176
13091 4327.0139
13093 206.2419
13096 4324.1495
13099 4355.3057
13100 4356.7532
13103 4420.9634
13104 213.6285
13113 3958.8953
13117 430.9973
13118 4300.7767
13125 4020.6263
13129 143.6320
13145 4226.1965
13147 1573.3577
13151 3845.7098
13156 4355.9999
13161 700.5023
13164 168.1772
13165 4327.0139
13172 4355.9999
13176 215.0860
13177 4327.0139
13180 4078.9325
13182 1527.2133
13185 4323.4086
13196 4356.5093
13200 1029.9820
13201 4356.7532
13204 4389.1130
13206 4356.7532
13210 4227.1693
13211 4262.2928
13214 313.8150
13215 1702.0829
13216 4327.0139
13221 161.2355
13222 4359.6176
13224 4237.1939
13226 4297.7809
13230 3976.7391
13232 4388.3597
13236 4329.7627
13238 4329.1734
13239 4322.4826
13240 4324.1495
13244 4391.4680
13246 4356.5093
13247 4324.1495
13248 4274.5394
13249 388.4859
13263 4324.1495
13264 4322.4826
13266 268.3225
13268 4386.9367
13275 4356.5093
13278 4207.4576
13280 4420.9634
13286 4327.0139
13287 4324.1495
13296 4327.0139
13298 4322.4826
13300 426.1175
13303 4359.6176
13305 4354.3329
13306 4391.4680
13308 4255.1756
13315 4258.7033
13318 4321.8055
13323 4297.9123
13325 4272.7477
13329 4389.1130
13331 4240.4168
13336 4356.7532
13337 4389.1130
13340 4327.0139
13349 4296.2453
13352 4324.1495
13353 4297.9123
13362 4324.1495
13364 3999.3235
13366 3947.0351
13367 3855.2930
13368 1083.5476
13372 4295.5619
13376 4255.1756
13377 4329.7627
13378 4327.0139
13380 4324.1495
13384 4322.4826
13385 4386.9367
13388 4290.7201
13389 4324.1495
13390 4327.0139
13393 4327.0139
13398 169.1120
13404 2061.9232
13406 4237.3245
13407 4356.5093
13408 4322.4826
13410 4076.8426
13413 4086.3788
13416 3735.3191
13417 4358.8643
13424 4324.1495
13428 4003.2231
13436 4359.6176
13439 1047.8538
13440 4255.1756
13441 1356.7770
13442 3997.6565
13447 4298.3324
13448 3479.7415
13450 4237.5872
13455 4358.8643
13463 4225.5309
13465 4296.1194
13468 4356.0590
13473 4293.0673
13476 4297.9123
13478 4388.3597
13479 4229.3828
13484 3027.7230
13493 4261.2973
13496 4358.8643
13500 4389.1130
13506 3908.0170
13514 1506.4003
13515 4288.3760
13517 4324.1495
13518 4235.9376
13528 4260.3840
13533 4324.1495
13536 4064.7755
13537 4327.0139
13540 4324.1495
13542 3549.5818
13545 4325.8533
13549 4355.9999
13553 3053.1203
13556 4262.7285
13563 4389.1130
13564 4354.3329
13567 4389.1130
13569 4297.9123
13576 4233.6303
13577 3965.7786
13582 4327.0139
13583 360.1609
13584 4324.1495
13585 4327.0139
13586 4324.1495
13589 318.1505
13594 4296.0727
13595 4359.6176
13596 4322.4826
13598 2669.1352
13607 4299.1672
13614 4324.1495
13615 4420.9634
13616 4327.0139
13620 4235.8824
13623 4391.4680
13625 2963.1819
13626 4324.1495
13628 4273.4408
13633 4296.0727
13637 4324.1495
13645 1722.0857
13646 4327.0139
13647 4391.4680
13649 2719.5660
13652 4259.8308
13653 3815.6403
13656 4420.9634
13658 4047.2273
13660 2138.1987
13662 3718.7329
13667 3858.9838
13670 4264.4786
13674 4356.7532
13675 562.6926
13676 4322.4826
13680 4297.9123
13683 4265.5851
13684 4391.4680
13687 3983.6661
13688 166.5941
13693 3190.7445
13696 479.8247
13697 3967.6874
13698 4322.4826
13699 4290.9491
13700 4355.9999
13702 1438.1160
13710 4040.5975
13715 4327.0139
13720 4324.1495
13722 4356.7532
13723 167.0944
13724 4172.4975
13731 4324.1495
13734 4264.4896
13735 3407.8947
13736 2523.4518
13737 1216.2349
13738 4388.6036
13740 4355.9999
13745 4321.8055
13749 4297.9123
13750 4355.9999
13751 4355.9999
13753 1812.6383
13754 4166.9911
13756 3615.5142
13758 3661.4315
13759 4327.0139
13760 4328.5701
13762 3870.0016
13763 1638.8354
13765 4356.5093
13766 4228.2191
13769 4302.8322
13771 4327.0139
13772 4297.9123
13774 4299.6781
13776 4359.6176
13778 3868.1356
13783 4386.9367
13785 3733.6610
13789 141.7231
13799 458.7493
13801 4223.0397
13806 4173.2889
13809 237.9639
13810 4234.1468
13811 4290.9420
13812 4324.1495
13813 3670.6533
13816 4327.2763
13823 4175.3871
13825 2391.8027
13827 4298.3351
13832 4420.9634
13837 4388.3597
13838 4324.1495
13841 4358.8643
13843 4230.8745
13845 3892.0627
13846 3366.6839
13848 4288.1287
13851 4356.7532
13855 4327.0139
13858 4262.2057
13860 4327.0139
13861 3923.6703
13862 2041.2996
13863 4356.7532
13864 4116.8612
13867 4327.0139
13870 4322.4826
13872 4288.6050
13873 4359.6176
13874 4356.5093
13875 4327.0139
13876 4259.3377
13877 4420.9634
13881 1788.8790
13883 3770.5300
13884 4267.6247
13895 4193.3241
13900 3390.6329
13903 4388.6036
13906 142.6601
13911 2207.6353
13912 4262.5765
13913 2871.8490
13915 2182.0854
13920 4166.4460
13921 4389.1130
13924 4290.0791
13927 3854.9908
13929 4324.1495
13933 1548.6094
13935 4119.2168
13937 4285.6360
13938 3573.8120
13939 4052.5909
13940 4420.9634
13942 3291.5373
13944 4219.8318
13950 4290.1903
13957 4359.6176
13958 4053.2215
13959 4389.1130
13961 4386.9367
13963 4256.5326
13965 3895.8815
13968 4130.9587
13969 4296.2453
13972 4358.8643
13973 4264.4896
13975 4266.1456
13976 4269.0349
13981 151.0666
13983 4355.7683
13988 4300.7767
13991 4355.0863
13994 4324.1495
13995 194.4737
13997 4391.4680
14004 225.3189
14006 4297.9123
14012 273.6230
14021 4324.1495
14026 4359.6176
14027 4388.3597
14028 4391.4680
14029 4324.1495
14031 4207.8120
14032 4359.6176
14039 4237.1538
14040 4194.2141
14045 156.7599
14051 4324.1495
14053 4328.0957
14055 4420.9634
14057 4324.1495
14058 4356.5093
14060 4388.6036
14062 4176.6611
14072 4327.0139
14073 4327.6967
14075 4325.4580
14076 4058.5419
14084 3162.0259
14086 4297.9123
14088 4326.0480
14089 4288.3760
14093 4356.7532
14094 1036.0589
14096 4255.5631
14098 3382.5293
14102 4199.4232
14113 4265.5851
14119 3345.5674
14120 4327.0139
14128 3645.3817
14131 4356.5093
14136 4324.1495
14139 3226.9975
14140 4322.4826
14144 4270.7539
14146 4388.3597
14148 4324.1495
14149 3417.8334
14151 4389.1130
14152 4361.4293
14153 4324.1495
14154 4356.7532
14156 453.4093
14157 4286.9941
14160 991.3128
14161 4358.8643
14163 4356.5093
14164 4335.4360
14165 4327.0139
14173 3893.8780
14177 4328.3188
14179 4237.3245
14181 4099.5129
14186 230.2605
14187 4360.0063
14190 4356.5093
14197 4356.7532
14200 4358.8643
14205 4388.6036
14207 4391.4680
14208 4232.5991
14212 4389.1130
14215 4300.7767
14218 4297.9123
14225 4268.3986
14232 4388.6036
14240 4295.5522
14244 4299.6781
14245 4289.0531
14248 4273.4408
14250 4391.4680
14253 4327.0139
14263 4327.0139
14266 4324.1495
14268 2602.3793
14271 4321.8055
14280 3790.7876
14281 4320.1385
14282 146.6258
14288 4356.7532
14290 1815.8179
14293 4327.0139
14294 4329.7627
14306 310.0989
14307 4297.9123
14308 170.2478
14309 3864.7612
14318 222.1235
14323 3724.4979
14324 4356.5093
14328 148.7399
14329 4300.7767
14331 4105.8482
14332 4289.1363
14333 4295.1467
14335 4233.9157
14338 394.3900
14340 159.5447
14343 4327.0139
14344 2953.7703
14349 4167.1340
14352 4236.0139
14362 4273.4408
14363 133.5633
14369 4324.1495
14371 4420.9634
14372 3708.6182
14377 4358.8643
14384 4356.5093
14386 147.4180
14388 4355.3057
14394 4355.9999
14396 4391.4680
14397 3594.1902
14398 4355.9999
14406 4324.1495
14409 4298.3351
14410 4324.1495
14414 4356.5093
14415 4266.9635
14418 4391.4680
14421 4356.5093
14422 4327.0139
14423 3726.6951
14424 4324.1495
14425 4297.9123
14427 4324.1495
14429 3961.6363
14438 4201.3471
14440 3994.7785
14443 4324.1495
14445 4329.3061
14446 4355.9999
14449 4359.6176
14451 610.5006
14455 4356.5093
14457 4359.6176
14463 4166.4460
14465 3098.2960
14467 4389.1130
14471 248.1491
14475 3355.5012
14487 1974.8596
14488 4391.4680
14491 4296.2453
14492 4327.0139
14494 3904.3300
14497 3713.2531
14498 3607.5147
14500 4358.8643
14502 4327.0139
14507 4358.8643
14509 980.9007
14513 4327.0139
14516 297.8972
14520 4269.2671
14524 3805.3148
14526 4298.5174
14529 4356.5093
14531 4324.1495
14532 4389.1130
14533 4297.9123
14534 4142.2174
14535 3770.2049
14541 4322.4826
14542 4391.4680
14551 4263.9046
14552 156.1708
14554 4388.6036
14555 4391.4680
14558 4327.0139
14561 4069.7411
14563 156.0673
14568 1811.1727
14572 4196.4746
14573 4269.7291
14574 4391.4680
14578 1183.9826
14580 4359.6176
14581 4327.0139
14584 4420.9634
14586 4261.7428
14587 4388.3597
14589 179.2093
14590 4359.6176
14595 4300.7767
14598 4388.6036
14599 4263.7105
14601 4233.6727
14605 880.8839
14609 4241.1100
14612 171.8886
14615 4391.4680
14617 166.1294
14618 4420.9634
14620 128.1241
14622 3800.4714
14624 4362.3664
14628 4358.8643
14630 4420.9634
14636 4326.9621
14641 4359.6176
14642 4359.6176
14648 4300.0357
14649 4294.9678
14651 4322.4826
14660 4388.6036
14665 4291.2404
14666 190.6634
14667 4356.5093
14676 4388.6036
14677 4388.6036
14678 4327.0139
14679 4268.7368
14681 4300.7767
14683 3601.5981
14684 2637.4862
14685 4324.1495
14689 4327.0139
14693 3884.6253
14697 4388.6036
14698 348.1324
14699 4262.5369
14700 4355.9999
14701 2784.0561
14703 4041.1027
14707 4042.8595
14710 4190.1817
14711 4324.1495
14713 803.8812
14715 4359.6176
14722 4327.0139
14723 4322.4826
14727 2050.3855
14730 4359.6176
14731 4354.3329
14733 4327.0139
14735 1264.7731
14743 4359.6176
14745 4269.0349
14751 229.7420
14752 4360.5130
14754 4391.4680
14759 4358.8643
14762 4327.0139
14768 4391.4680
14771 4358.8643
14780 4358.8643
14781 4039.6397
14783 4271.6750
14786 4388.3597
14787 4356.5093
14788 4292.6090
14789 4388.3597
14792 4297.9123
14794 4300.7767
14798 4300.7767
14799 4327.0139
14803 4356.5093
14807 4359.6176
14809 4358.8643
14810 4072.6774
14811 4391.4680
14812 295.4556
14815 4236.0402
14819 4355.9999
14822 4324.1495
14828 149.6757
14830 442.4161
14831 4324.1495
14835 4358.8643
14836 3074.9819
14844 4327.0139
14846 4266.2714
14847 2226.5477
14848 4420.9634
14850 3690.8755
14856 4057.6502
14860 4324.1495
14861 4327.0139
14866 4299.6781
14868 4391.4680
14869 4321.8055
14873 1056.7334
14877 4327.0139
14878 235.4273
14882 4356.5093
14884 2986.9705
14888 4322.4826
14892 4167.6197
14900 133.1936
14906 494.5727
14907 4355.9999
14914 4362.1224
14915 1082.5614
14917 4295.9664
14919 4324.1495
14920 205.6585
14922 4288.3760
14923 3259.6551
14925 4359.6176
14926 4327.0139
14933 4388.6036
14934 4324.1495
14943 4420.9634
14945 4297.9123
14954 4327.0139
14955 4273.8463
14959 3686.2496
14962 4324.1495
14963 3931.4339
14965 2099.4800
14969 4324.1495
14970 4268.3656
14971 4356.5093
14973 2975.3076
14978 155.7188
14980 4195.8798
14983 714.2694
14984 4324.1495
14985 3866.5670
14987 143.6459
14988 4356.5093
14990 4330.2720
15002 4322.4826
15003 4391.4680
15007 4295.1467
15008 4272.9300
15012 3321.5085
15014 219.1321
15015 186.8406
15016 3825.5611
15018 4324.1495
15019 4296.8137
15020 4420.9634
15021 4356.7532
15024 3040.3824
15025 4386.9367
15026 4359.6176
15032 4295.5522
15036 4295.4369
15037 4290.0791
15043 4324.1495
15044 4324.1495
15048 4391.4680
15054 4359.6176
15055 681.3006
15057 4235.8128
15061 2323.7288
15064 4329.0695
15067 4296.3028
15070 4082.6023
15071 4329.1734
15073 706.0218
15074 4324.1495
15076 4327.0139
15081 4255.1756
15083 1915.9039
15085 4070.6573
15088 4355.9999
15090 4354.3329
15093 4164.4766
15094 210.9632
15099 4269.9918
15102 4359.6176
15109 4355.9999
15111 150.7505
15113 4322.4826
15116 4327.0139
15121 4241.1100
15125 4324.1495
15132 4296.0727
15135 144.9452
15137 4298.3351
15142 4420.9634
15143 4322.4826
15147 4048.8094
15148 3343.3036
15149 202.3026
15154 1411.1743
15155 4388.3597
15164 4324.1495
15167 4324.1495
15171 4219.8318
15174 4269.2671
15176 973.6820
15181 4335.1442
15182 4288.3760
15183 4241.1100
15186 4300.7767
15187 4327.0139
15189 152.3282
15192 4358.8643
15198 4356.5093
15199 149.0470
15203 4303.3416
15204 4324.1495
15207 4324.1495
15208 4359.6176
15214 4266.9635
15215 4162.6265
15217 4300.7767
15221 4358.5022
15222 4327.0139
15224 4201.7604
15225 4356.7532
15228 4359.6176
15230 554.6407
15231 4300.7767
15235 3992.2848
15236 4420.9634
15237 4322.4826
15244 4231.5459
15247 4355.9999
15251 4327.0139
15257 3257.2481
15262 4321.8055
15264 4235.9376
15266 4200.9320
15267 4355.9999
15270 4131.2244
15277 1305.1842
15278 3239.2370
15280 4324.1495
15281 4296.2453
15282 4359.6176
15285 4358.8643
15290 4326.3104
15291 4356.5093
15292 4228.1235
15293 3840.0902
15294 4298.5174
15300 4358.8643
15301 4327.0139
15303 4056.5498
15305 4226.9869
15306 4335.4360
15310 4356.7532
15311 4256.6454
15317 4324.1495
15324 4297.9123
15325 4140.6795
15326 4192.6640
15336 3857.0531
15338 1815.3382
15339 4259.2666
15340 4327.0139
15344 4040.5975
15346 220.9612
15351 4388.3597
15353 2789.0390
15355 3422.2322
15359 4019.5539
15360 4020.8764
15361 4327.0139
15362 4270.0081
15376 4255.1756
15377 4209.5755
15386 4359.6176
15389 3774.1000
15390 4356.7532
15396 3882.6608
15401 4355.9999
15402 4326.2730
15405 4358.8643
15407 4359.6176
15408 4258.7515
15414 159.3444
15415 4230.6366
15417 4358.8643
15419 4359.6176
15420 3789.6890
15421 4327.0139
15422 4359.6176
15424 4324.1495
15429 4327.0139
15435 4324.1495
15438 1554.4561
15439 4300.7767
15442 4328.6626
15443 4391.4680
15445 4420.9634
15447 4391.4680
15450 4266.7122
15451 4391.4680
15454 3429.8301
15455 4359.6176
15458 4324.1495
15461 127.1160
15463 4324.1495
15466 4389.1130
15468 4356.0590
15472 4356.7532
15474 3569.1116
15475 4304.4439
15479 4061.0697
15481 4259.6933
15482 2304.7016
15483 2949.1375
15486 4322.4826
15492 234.2528
15494 4172.2623
15495 4324.1495
15500 4356.7532
15503 4292.2837
15505 4304.2787
15508 4388.6036
15509 1630.3357
15512 4391.4680
15513 4322.4826
15516 4327.0139
15517 4148.5188
15518 163.8182
15519 4151.9874
15520 708.7277
15523 4209.0639
15526 4234.6327
15542 4255.1756
15545 4324.1495
15550 4290.5994
15554 4256.4023
15557 4354.3329
15565 4355.9999
15568 4294.6359
15574 4327.0139
15577 4388.3597
15590 3688.4938
15591 4358.8643
15593 4420.9634
15594 3285.8433
15600 152.4812
15602 4324.1495
15603 4104.3997
15614 1341.5983
15616 4289.1605
15618 4420.9634
15621 4326.2730
15626 4324.1495
15627 272.5656
15631 4267.9114
15632 4010.4412
15642 4293.6918
15643 4327.0139
15649 4359.6176
15650 4324.1495
15651 4358.8643
15654 4391.4680
15658 4324.1495
15662 133.0884
15672 4356.7532
15678 4420.9634
15679 183.1710
15694 4327.0139
15699 4324.1495
15702 4391.4680
15705 4300.7767
15706 1695.3036
15710 4324.1495
15711 496.3615
15715 4391.4680
15716 4391.4680
15724 4324.1495
15733 268.8992
15735 4232.9828
15737 1842.5053
15739 4420.9634
15741 1408.0734
15743 4328.8490
15744 212.1420
15746 4388.6036
15753 4358.8643
15754 1137.5950
15757 4324.1495
15759 4327.0139
15760 4356.7532
15763 2166.5110
15765 4288.3760
15770 3756.1179
15771 4237.1538
15774 3920.2592
15775 2846.4799
15782 4356.7532
15789 4324.1495
15790 4388.3597
15793 4356.5093
15794 4354.3329
15798 4170.8565
15805 4389.1130
15810 4201.7604
15812 4359.6176
15819 4198.8878
15822 4391.4680
15828 4322.4826
15838 3965.2678
15839 4355.9999
15840 1626.2101
15841 4174.7349
15846 4359.6176
15847 4356.7532
15848 4324.1495
15851 4359.6176
15855 170.5414
15856 4327.0139
15860 4033.9936
15865 4388.6036
15868 4388.3597
15871 4327.0139
15872 4391.4680
15874 3817.3780
15879 4078.1704
15880 4109.9735
15887 2203.2985
15894 4358.8643
15895 4231.7268
15896 4327.0139
15897 2942.7076
15902 3726.6189
15904 4289.0531
15908 1878.2612
15909 4358.8643
15913 3890.4815
15920 4296.2453
15925 4355.9999
15926 4327.0139
15927 4327.0139
15931 3151.3129
15933 4303.7029
15935 4272.5002
15945 3540.6170
15946 366.8960
15949 4324.1495
15951 132.6736
15957 4327.0139
15961 4420.9634
15962 4327.0139
15964 4327.0139
15968 609.3317
15970 4210.8048
15971 4299.6781
15982 2758.0774
15989 4324.1495
15991 4170.7946
15994 2232.7724
15996 4359.6176
16001 4388.3597
16003 4224.1613
16010 4328.1532
16015 192.7759
16020 4322.4826
16022 690.7899
16024 4262.1748
16027 127.1331
16032 4301.1007
16035 4358.8643
16038 4295.1467
16039 4324.1495
16041 4391.4680
16043 4180.1817
16046 4263.3937
16051 4272.3422
16052 4261.8914
16053 2948.8858
16058 4356.7532
16059 4420.9634
16061 4267.4687
16064 4388.6036
16068 4240.5927
16073 4236.2565
16075 4038.2534
16079 4356.5093
16080 4332.6270
16081 4324.1495
16084 1975.0729
16085 4420.9634
16088 3854.3847
16089 4291.1834
16094 4389.1130
16101 874.1399
16102 4297.9123
16103 4355.9999
16105 4420.9634
16106 4298.3351
16110 4356.5093
16120 234.1197
16124 197.2407
16126 679.3712
16128 4297.9123
16129 3051.1669
16136 4063.9816
16142 4324.6699
16144 4255.8527
16145 755.4169
16146 4359.6176
16148 324.4006
16155 4296.0727
16156 3266.2254
16161 4230.1003
16162 198.5792
16166 252.4607
16167 233.3397
16176 228.3711
16178 4297.9123
16184 265.0172
16185 4362.1224
16187 4356.5093
16188 132.6932
16189 4235.8445
16190 4388.6036
16191 3713.1922
16192 4300.0835
16195 4356.7532
16196 4356.5093
16198 4356.5093
16202 2954.9913
16206 4391.4680
16208 3922.1560
16210 150.0532
16212 4358.8643
16216 4324.1495
16218 4356.7532
16227 4257.5196
16228 281.5541
16229 4420.9634
16230 4359.6176
16232 2739.7023
16233 4355.7683
16240 4327.0139
16244 4300.7767
16245 2792.7945
16246 4327.0139
16248 4120.5525
16253 3387.7287
16255 4324.1495
16257 4359.6176
16264 4293.6918
16265 394.2218
16278 4326.1882
16282 4388.6036
16288 4095.2672
16292 4319.3976
16295 4322.4826
16298 4296.2453
16304 4327.0139
16308 4388.3597
16309 3857.0698
16311 571.1635
16312 151.6542
16316 4288.3760
16317 4420.9634
16327 4326.3402
16329 4260.1413
16338 4295.9664
16341 4324.1495
16342 4355.7683
16344 1072.4290
16348 4355.9999
16354 4327.0139
16359 4355.9999
16362 4420.9634
16363 4388.6036
16364 3892.5544
16368 4355.9999
16370 4388.3597
16371 4327.0139
16372 690.0828
16373 4355.9999
16374 4356.5093
16376 152.8299
16377 4324.1495
16382 4323.4086
16383 2741.6794
16390 184.6436
16393 3010.4289
16395 4356.5093
16397 4391.4680
16409 4327.0139
16412 4288.3760
16413 4355.9999
16415 4299.6781
16416 3050.9070
16419 4388.3597
16420 4262.1388
16421 4356.7532
16427 3162.1039
16429 257.7860
16433 4297.9123
16434 4270.0081
16435 3720.2512
16437 4355.9999
16439 4304.0348
16440 4328.6626
16443 4031.9116
16451 1331.8761
16452 4391.4680
16458 4289.2243
16462 4391.4680
16463 4322.4826
16464 386.8280
16467 4356.5093
16469 4297.0400
16473 179.0541
16474 4327.0139
16478 4356.7532
16482 4389.1130
16484 4359.6176
16489 2512.4618
16497 4388.6036
16499 1442.0261
16501 4162.2746
16502 4324.1495
16508 134.0070
16513 4327.0139
16516 4327.0139
16520 2899.5504
16522 4327.0139
16525 4356.7532
16527 4356.5093
16528 4354.3329
16529 188.8515
16531 4322.4826
16533 4329.0684
16536 4355.9999
16539 465.8508
16541 189.5910
16544 4355.9999
16547 4297.9123
16548 4420.9634
16554 4355.9999
16559 4231.9438
16560 4334.2757
16570 3518.7739
16574 4359.6176
16575 4261.5486
16576 132.7095
16577 4327.0139
16580 3514.7565
16581 235.8985
16584 4388.3597
16593 3315.4656
16594 4391.4680
16599 4031.9116
16600 4303.3941
16604 4233.9157
16609 3956.8144
16610 4300.7767
16614 4356.7532
16615 210.7116
16616 4080.5089
16621 4178.6563
16627 4388.3597
16630 4085.4883
16632 4330.2720
16634 4260.4718
16636 4389.1130
16638 184.6914
16644 4420.9634
16645 1592.8078
16647 4324.1495
16649 4420.9634
16651 4327.0139
16653 3267.0151
16658 4359.6176
16659 4327.0139
16660 4266.8709
16663 1634.6870
16668 210.4366
16671 4296.2453
16673 4360.5130
16674 4267.4753
16675 157.1675
16677 4292.4006
16680 148.5677
16683 4327.0139
16684 4356.7532
16690 4324.1495
16693 4227.1693
16700 3911.9159
16708 4327.0139
16709 4359.6176
16710 4356.5093
16711 3763.5933
16716 4391.4680
16717 4356.7532
16724 4356.5093
16727 4270.5764
16729 368.8963
16731 4354.3329
16733 4327.0139
16734 4327.0139
16737 4358.8643
16738 4288.3760
16739 4356.7532
16745 3707.9833
16746 4324.1495
16747 4324.1495
16757 4359.6176
16758 3209.4678
16764 4026.5540
16772 4391.4680
16773 3934.8298
16775 1532.4541
16777 4327.0139
16779 3008.5097
16781 4203.0132
16788 4238.2524
16794 4391.4680
16796 4226.9869
16798 4324.1495
16801 4324.1495
16807 4270.0656
16810 4173.1297
16817 4355.9999
16827 4324.1495
16829 133.7144
16832 4420.9634
16833 4388.6036
16836 4388.3597
16837 4288.3760
16838 383.2545
16839 4329.1734
16843 4322.4826
16846 4298.5838
16847 3234.3059
16851 4292.9435
16852 4420.9634
16856 4324.1495
16857 146.5905
16858 4227.9678
16859 147.8362
16863 4327.0139
16867 4359.6176
16868 4324.1495
16873 4356.7532
16874 4203.6814
16875 2981.9848
16878 4391.4680
16880 2674.8928
16889 3885.4657
16890 2609.7407
16893 734.7680
16896 4326.6518
16898 4359.6176
16900 157.2821
16903 4322.4826
16904 4298.5174
16905 4267.8070
16907 578.6397
16910 4359.6176
16911 172.5164
16912 4233.9157
16916 4359.6176
16918 4327.0139
16922 4299.6781
16928 4362.1224
16929 4323.4553
16931 4265.2374
16933 4324.1495
16936 4237.1538
16938 4324.1495
16939 4288.3760
16941 4359.6176
16948 214.6294
16954 4326.3402
16957 4099.3846
16958 3724.4979
16961 4049.6957
16965 4388.6036
16967 4297.1713
16973 644.3103
16975 4388.6036
16978 4359.6176
16979 393.3221
16981 4327.0139
16984 4327.0139
16986 3823.4191
16988 4391.4680
16994 4264.4828
16998 4356.7532
17000 4391.4680
17005 4391.4680
17008 4391.4680
17010 195.2564
17011 4225.9939
17012 4202.9661
17013 4297.1713
17017 4324.1495
17024 4082.3025
17027 4297.9123
17030 158.9195
17031 4328.5701
17033 4420.9634
17036 4324.1495
17042 4327.0139
17043 4355.9999
17046 4355.9999
17048 133.7173
17056 908.4067
17057 4322.4826
17064 3963.9293
17068 4359.6176
17069 4327.0139
17077 4391.4680
17081 4237.4918
17083 4325.6569
17086 4361.3814
17088 4391.4680
17093 3594.8612
17096 4229.6665
17100 4297.9123
17105 4327.0139
17107 4327.0139
17110 191.9995
17121 4389.1130
17123 4358.8643
17125 4298.3351
17130 4327.0139
17132 4296.0727
17133 4324.1495
17134 4391.4680
17148 4074.7492
17157 148.0663
17158 3849.1985
17160 4362.1224
17170 3926.3134
17172 4389.1130
17173 4328.8490
17176 1569.1360
17180 4295.9664
17186 4324.1495
17201 4420.9634
17203 2538.1312
17205 4259.9100
17207 3714.7559
17209 4296.1194
17212 4358.8643
17213 140.0435
17215 4327.0139
17216 4073.9057
17218 4324.1495
17220 3759.2106
17222 4217.2942
17223 4358.8643
17226 4296.2453
17227 4270.9819
17232 4391.4680
17235 4389.1130
17239 4356.5093
17240 4327.0139
17241 4391.4680
17244 4324.1495
17247 4327.0139
17252 4296.0727
17255 3695.6300
17258 4070.4301
17259 146.9093
17260 4388.6036
17264 4297.9123
17265 3614.5981
17268 4388.3597
17270 4064.7720
17271 4356.5093
17275 4296.8137
17278 4324.1495
17280 4126.7731
17281 4322.4826
17282 4177.3916
17289 4297.9123
17294 3949.1229
17297 4290.7201
17302 148.1076
17310 4388.6036
17313 3299.3383
17314 4322.4826
17315 4355.9999
17320 185.3851
17321 4327.0139
17322 4355.9999
17328 4327.0139
17338 4237.1538
17340 984.5165
17342 4293.2395
17343 4356.7532
17345 3444.1760
17348 4327.0139
17356 4201.8311
17358 4200.3262
17361 4388.6036
17363 4294.1756
17365 4327.0139
17370 4269.7291
17373 4207.4576
17374 4296.1194
17377 4290.0791
17379 3978.0034
17381 4388.6036
17382 4177.6429
17392 4388.6036
17394 4359.6176
17400 4161.4773
17401 3587.5453
17403 4420.9634
17408 4112.0673
17411 3653.5081
17414 4327.0139
17423 4358.1233
17425 587.7671
17428 3488.5065
17429 4358.8643
17437 4329.3061
17446 279.5262
17449 4391.4680
17451 4322.4826
17452 3820.3264
17455 4324.1495
17462 4328.6626
17464 933.6036
17467 4288.3760
17475 4131.4482
17477 4359.6176
17480 4420.9634
17483 4359.6176
17489 4391.4680
17490 2614.2539
17491 4358.8643
17500 4288.3760
17501 4044.3676
17502 2112.3179
17504 2465.2964
17511 4297.2180
17516 4358.8643
17517 151.9058
17523 4386.9367
17529 4262.1388
17531 4237.1538
17535 2563.4652
17538 4327.0139
17541 4388.6036
17544 4324.1495
17547 4302.3328
17548 162.0293
17553 4237.1538
17555 4322.4826
17556 4391.4680
17557 4286.7091
17558 4356.7532
17560 4303.1801
17561 4356.5093
17562 4324.1495
17563 4322.4826
17565 4221.4988
17566 4232.5786
17567 4359.6176
17569 4420.9634
17570 4388.6036
17574 4355.9999
17576 4227.9678
17578 4356.5093
17582 4271.6750
17585 4323.4553
17587 2755.7503
17588 4301.2342
17590 4300.7767
17592 4255.1756
17598 4296.2453
17601 4288.3760
17605 4327.0139
17607 2182.0854
17609 3352.4855
17610 183.6701
17611 4358.8643
17613 4355.9999
17614 145.1430
17619 4295.1467
17621 4166.4460
17622 4356.7532
17624 4324.1495
17628 4322.4826
17629 4144.7330
17632 4327.0139
17633 4420.9634
17634 4322.4826
17639 2343.1829
17640 4327.0139
17642 4323.4553
17644 4358.8643
17646 775.4359
17648 4329.7627
17651 3980.2429
17652 4327.0139
17659 4391.4680
17660 4355.9999
17668 4196.5994
17676 4356.7532
17678 4420.9634
17681 1964.6250
17682 4356.5093
17683 4327.0139
17684 4355.9999
17691 4298.5174
17693 4227.9678
17695 4327.0139
17700 4327.0139
17701 4260.4718
17702 4391.4680
17708 1247.3916
17709 4359.6176
17712 664.3549
17720 4359.6176
17722 2319.7140
17723 4293.5845
17724 689.0287
17727 129.9698
17728 4388.6036
17731 3968.5468
17734 223.1196
17736 4324.1495
17738 4327.0139
17742 4355.9999
17744 1285.6671
17745 4324.1495
17746 137.9907
17747 4391.4680
17748 4297.9123
17751 4297.2180
17753 4359.6176
17758 4327.0139
17759 4263.8790
17761 4300.4146
17764 2082.5630
17765 230.4367
17770 4327.0139
17771 1416.0522
17773 4296.0727
17776 217.3554
17778 4324.1495
17779 1916.4361
17783 4388.3597
17785 139.0354
17788 3973.3830
17792 4294.4057
17796 4391.4680
17803 4354.3329
17808 183.4145
17814 4389.1130
17815 4359.6176
17816 4296.8137
17819 4323.4553
17821 4209.5755
17828 221.9484
17830 4358.8643
17834 4356.5093
17836 4147.1970
17837 4322.4826
17840 4391.4680
17841 4008.2297
17848 4388.6036
17850 210.4348
17857 4324.1495
17859 4391.4680
17860 3486.4817
17866 4255.1756
17868 4355.9999
17869 4327.0139
17872 4391.4680
17873 4356.7532
17875 3629.2854
17879 4322.4826
17885 3142.1932
17889 4355.9999
17893 4327.0139
17895 4327.0139
17897 4297.9123
17899 3070.4927
17901 4294.6359
17904 4327.0139
17905 4264.4896
17912 4296.2453
17913 4324.1495
17920 4359.6176
17923 4327.0139
17925 4327.0139
17930 4168.0405
17932 4327.0139
17933 4391.4680
17934 4356.7532
17938 4391.4680
17946 4355.9999
17947 4265.0470
17948 146.0454
17949 4361.2678
17955 4297.1713
17961 260.6449
17963 4391.4680
17964 4327.0139
17966 4324.1495
17969 4265.0664
17970 151.2917
17976 4327.0139
17978 4355.9999
17980 3948.3932
17982 4166.4460
17985 3856.1756
17987 4024.8937
17988 4288.3760
17989 4391.4680
17995 2001.2495
17996 4324.1495
18001 4355.9999
18004 4085.5090
18007 4327.0139
18011 4240.4168
18013 1552.8457
18014 3131.8447
18024 4078.3241
18027 3532.9273
18031 2947.3680
18032 3638.5867
18035 4327.0139
18037 4391.4680
18041 185.2059
18042 4355.9999
18044 3777.2939
18047 3961.8167
18049 4359.6176
18052 4290.4727
18053 4354.3329
18055 3818.2518
18065 4359.6176
18071 4226.9869
18074 4327.0139
18083 4075.7146
18086 4288.3760
