inputId Score
9046 158.6024
9047 145.4138
9052 196.1030
9058 150.9505
9063 146.8728
9064 146.8122
9066 190.1906
9072 236.5480
9075 208.0671
9077 270.0606
9083 201.5070
9086 154.0227
9087 145.0871
9092 146.0081
9094 149.8340
9097 145.6383
9100 147.5226
9103 255.7638
9107 146.2328
9123 150.9995
9125 149.1598
9129 149.8178
9131 144.6583
9133 152.6810
9136 145.5330
9141 193.4455
9144 304.5412
9147 180.9824
9151 148.5952
9152 145.9683
9153 144.4314
9156 159.0527
9157 301.6381
9162 170.5100
9171 150.8158
9179 153.3685
9185 173.7861
9188 286.8296
9189 169.4020
9190 264.7686
9193 146.0478
9195 147.1837
9198 145.0387
9199 174.3876
9200 150.4161
9201 153.4967
9214 239.0515
9216 153.3914
9220 172.9719
9222 148.7709
9223 169.9804
9226 1025.8995
9235 151.2358
9241 227.9223
9243 192.9519
9246 464.8245
9247 172.8923
9251 149.4507
9252 215.4934
9261 276.7031
9263 193.8578
9265 232.0185
9266 192.2971
9267 231.0308
9276 182.6068
9277 253.2386
9285 145.4243
9287 150.8473
9289 152.1113
9290 162.0499
9291 195.3057
9292 167.1189
9293 187.5913
9296 148.5896
9299 145.0001
9301 152.7531
9306 411.0659
9312 144.8885
9316 327.9823
9326 321.2203
9327 157.7451
9328 162.4206
9332 159.9595
9336 236.8144
9339 148.5449
9341 161.0695
9343 168.1889
9348 228.4316
9350 298.4117
9355 4105.0597
9357 252.6917
9360 146.0504
9361 150.6759
9362 148.0708
9367 1346.8998
9369 150.1633
9371 327.1704
9373 162.5420
9378 148.5060
9381 218.6119
9382 148.2802
9383 166.5225
9389 2147.9767
9391 156.6555
9395 232.4845
9400 912.4834
9402 1667.9201
9406 184.6971
9407 186.9994
9412 167.3033
9414 150.3274
9415 171.1950
9416 162.2602
9417 168.0385
9419 147.4933
9421 699.7814
9422 159.1203
9427 147.9388
9428 158.4840
9429 144.7365
9443 145.2752
9455 156.9319
9457 162.2412
9460 201.4823
9462 143.5536
9464 255.8622
9466 174.4693
9470 145.5183
9472 148.9484
9473 181.2202
9475 150.8473
9476 152.5376
9478 175.5154
9480 222.3382
9481 177.5906
9482 163.6068
9487 170.5100
9495 150.6340
9496 164.5945
9499 147.2732
9500 331.8066
9502 150.3487
9503 147.3300
9508 210.6555
9509 149.9072
9513 151.0215
9519 148.8975
9522 1111.6060
9524 149.8231
9527 3732.2348
9529 213.8054
9531 149.9145
9533 214.4117
9535 219.8351
9538 195.6997
9539 166.8080
9540 269.7098
9543 239.7956
9546 209.2565
9547 207.1595
9550 143.3732
9553 371.7556
9555 168.0937
9556 188.1208
9558 151.5053
9563 2899.3098
9564 144.0392
9566 152.8305
9567 161.7575
9578 148.8065
9583 151.9130
9586 147.6090
9589 163.3930
9592 146.3806
9593 238.2751
9598 931.3538
9600 181.3551
9604 159.5134
9607 179.2879
9610 466.2619
9612 146.8122
9614 144.7611
9615 159.2407
9618 144.4105
9622 158.5150
9623 156.6865
9628 151.8623
9629 146.1695
9630 146.2937
9633 183.6130
9635 146.7884
9640 146.2729
9641 148.1964
9642 209.7086
9644 153.3760
9651 147.6384
9652 182.2301
9654 170.0395
9664 147.7902
9665 149.7369
9668 159.0247
9670 251.9647
9671 155.3920
9673 147.0284
9675 196.9932
9676 288.1417
9682 167.1214
9685 147.5639
9688 159.1067
9689 302.9426
9690 204.3390
9691 153.2724
9692 4119.8758
9694 169.9804
9696 147.4817
9705 147.9159
9708 169.5925
9709 178.2552
9713 149.7866
9714 147.6659
9715 241.3394
9716 161.0147
9717 250.2064
9718 268.5143
9719 152.7223
9720 147.3771
9722 146.1216
9723 148.0717
9724 157.9543
9728 147.8155
9729 145.9690
9732 166.1602
9738 146.6176
9739 320.9043
9742 215.8189
9744 145.0239
9747 167.8968
9753 231.8751
9766 180.7524
9767 226.9582
9770 151.4334
9772 170.1713
9773 188.2463
9774 167.1189
9781 149.6895
9784 184.8367
9791 304.8176
9793 146.3760
9794 358.8117
9795 144.7863
9798 235.3157
9802 228.2748
9810 166.1997
9813 155.8520
9827 182.9297
9834 205.9012
9835 158.5150
9838 151.2244
9842 273.6461
9849 145.9595
9850 176.6355
9851 151.6356
9855 535.1839
9857 145.3744
9861 192.3965
9866 182.9046
9870 206.5872
9877 149.0935
9880 213.7162
9882 147.2250
9886 155.5848
9892 177.3781
9895 145.2990
9897 176.4256
9901 145.6405
9904 150.4642
9908 148.3606
9910 187.7978
9912 209.0111
9913 146.0129
9914 268.5437
9915 151.0996
9916 204.5119
9917 151.9442
9918 248.9153
9927 147.7457
9930 152.9899
9933 150.0656
9934 176.6669
9938 150.2584
9939 965.4771
9940 175.7888
9942 148.9474
9946 146.8073
9948 150.8733
9951 147.4164
9963 157.5375
9964 144.9970
9967 194.6650
9973 171.9607
9974 222.5632
9975 166.4239
9979 214.7104
9981 147.3107
9984 270.0455
9988 148.0867
10003 220.7991
10014 151.1313
10016 223.4129
10017 226.1312
10019 147.1106
10020 147.5196
10023 213.0364
10025 162.2669
10026 207.4551
10027 149.9889
10030 199.4999
10032 264.0117
10033 144.4192
10035 218.3044
10037 148.2238
10042 152.9515
10043 180.9684
10047 160.2322
10053 187.4478
10055 262.3245
10056 194.3230
10057 149.6572
10058 1755.9555
10059 178.6419
10061 4126.6842
10062 274.3254
10067 148.6702
10070 179.3074
10072 184.2581
10073 155.1273
10078 149.6770
10081 148.4279
10082 147.8098
10091 148.2146
10099 148.5204
10101 153.9868
10102 148.7234
10105 783.7780
10110 270.6015
10115 187.0970
10122 209.3434
10123 144.4314
10124 186.7352
10125 151.3339
10127 144.7365
10129 196.4852
10131 247.0091
10146 147.8370
10154 195.9443
10157 163.2639
10168 493.0180
10169 148.2992
10180 162.1873
10181 149.0807
10184 256.9201
10185 148.4685
10188 164.4378
10197 180.1090
10198 159.2102
10199 195.3891
10208 146.2700
10209 147.4249
10211 155.6354
10216 154.7040
10217 148.6230
10229 145.8860
10230 183.9201
10232 144.1616
10235 145.6770
10237 147.1577
10238 155.3723
10240 148.0582
10252 220.3983
10254 147.6837
10259 150.5425
10262 242.1488
10264 148.0300
10266 1102.3916
10268 162.1793
10269 149.9889
10270 145.3960
10272 150.5279
10274 253.1164
10276 147.6674
10277 204.6123
10278 170.7879
10282 248.3325
10283 197.9647
10286 145.2030
10287 287.5909
10288 158.1138
10291 152.6950
10294 224.1694
10298 235.8344
10305 161.2211
10308 2287.4385
10309 198.6680
10313 148.9056
10326 146.3845
10327 197.1129
10331 171.9728
10333 151.9316
10335 208.1471
10339 173.2358
10340 159.6752
10347 150.2735
10348 170.4452
10354 236.9145
10356 241.6470
10362 169.1849
10365 160.2589
10366 156.7073
10369 792.7209
10372 149.1746
10373 161.6729
10381 389.1767
10383 152.2916
10384 226.7749
10388 210.8388
10392 325.4057
10393 145.9632
10397 160.4576
10398 248.1637
10405 163.8599
10413 159.4572
10416 195.3540
10423 155.5634
10428 148.7294
10432 158.2360
10433 148.9657
10436 148.7232
10441 150.3830
10442 170.8624
10444 167.8535
10445 176.8798
10448 151.2366
10449 146.1509
10455 164.3751
10456 167.6382
10458 180.6274
10460 150.6662
10465 164.2257
10467 153.8018
10474 161.7908
10475 160.6930
10476 145.9594
10479 152.2813
10483 216.1750
10486 151.1360
10489 2241.9235
10494 144.4065
10495 145.4511
10497 154.4026
10499 157.4723
10500 192.2971
10506 144.4192
10507 259.8368
10514 254.4014
10517 145.3952
10518 150.5541
10521 151.8156
10525 1979.1304
10531 241.3057
10536 146.7159
10538 317.2593
10542 183.5554
10554 144.4742
10555 236.7759
10557 151.1273
10559 148.3764
10568 196.9639
10570 160.9898
10575 145.9595
10576 149.2157
10578 145.3450
10579 992.3797
10580 179.1017
10581 148.1884
10582 189.7601
10583 161.1933
10590 238.7643
10594 146.4991
10597 226.9422
10599 187.0379
10600 156.0625
10606 198.4184
10607 194.5019
10609 238.2299
10611 162.6545
10614 239.1013
10615 165.5930
10619 219.6338
10620 223.6627
10621 146.1409
10626 146.8948
10630 163.5362
10632 151.9821
10635 145.3591
10639 146.6551
10642 588.8808
10645 149.5921
10652 288.1474
10653 147.7198
10656 158.6530
10659 1802.1232
10662 163.5969
10665 293.3887
10666 166.7203
10667 151.9922
10668 194.9938
10670 160.3920
10672 152.6378
10674 175.5621
10677 186.3417
10687 161.5009
10691 159.4387
10692 158.6530
10703 145.2168
10708 3749.1081
10710 197.3231
10722 159.2662
10724 144.4125
10725 409.2841
10726 146.1103
10729 143.9855
10731 156.1164
10732 230.1207
10734 148.5583
10742 222.3042
10744 173.2171
10745 183.9031
10746 211.1841
10747 242.2451
10748 150.3388
10749 144.7527
10753 2712.2843
10754 235.7894
10756 200.8220
10757 209.6959
10763 245.6592
10764 157.6875
10766 156.3388
10767 213.8054
10769 147.3232
10772 2135.1822
10775 250.1952
10784 145.0544
10786 366.4127
10789 169.2943
10793 396.9212
10795 145.9230
10798 144.7365
10799 150.7772
10800 166.2970
10801 153.5366
10805 147.5521
10813 185.9723
10816 183.9189
10817 184.6967
10819 185.1365
10824 167.2221
10826 156.0596
10827 183.8072
10830 180.9658
10833 217.3929
10834 1803.6738
10837 2345.5795
10844 144.3039
10845 270.1117
10849 214.2875
10850 168.7023
10851 275.1269
10854 150.8686
10857 145.8543
10872 147.9902
10873 148.4435
10885 194.2604
10889 230.9704
10891 149.6358
10901 146.8150
10902 207.2371
10903 241.3057
10904 2318.9703
10905 194.9795
10906 316.2238
10909 199.4999
10914 199.2889
10919 152.5017
10920 695.8321
10922 160.3319
10937 149.8151
10939 153.2459
10942 211.9530
10944 145.2667
10949 146.1019
10950 150.4744
10956 167.4240
10966 261.1740
10970 158.1547
10972 3758.4086
10977 1545.7088
10981 145.9281
10984 155.2084
10990 212.4719
10991 146.3107
10992 144.8583
10993 1145.4249
10994 157.5583
10997 145.2584
10999 167.3983
11000 173.6568
11003 148.7311
11005 245.7137
11006 153.1649
11011 155.5739
11016 158.6141
11020 147.4065
11026 227.6340
11031 146.0023
11032 148.1906
11033 279.9137
11035 189.3848
11036 177.2203
11038 144.9071
11042 148.2253
11046 151.1575
11047 146.6529
11048 146.0606
11049 154.5146
11053 153.2736
11055 150.8296
11057 162.8412
11063 146.7030
11068 163.4889
11069 221.7172
11072 151.2685
11073 270.0455
11080 197.9415
11082 145.5031
11083 248.7377
11085 176.5524
11095 149.4533
11102 167.6121
11104 155.4218
11106 150.0934
11107 182.0408
11109 280.2173
11111 1033.9292
11115 185.5623
11125 148.1164
11129 191.0258
11133 164.2214
11134 290.6279
11135 175.4768
11136 146.3041
11138 238.0241
11139 150.8292
11141 144.9091
11142 147.1629
11148 145.0972
11149 3731.8254
11159 377.6810
11161 216.4599
11162 214.9933
11170 157.5890
11182 149.2626
11184 146.7933
11186 174.2725
11189 146.1290
11192 189.0755
11193 199.6176
11197 299.4916
11198 147.8942
11208 156.6582
11209 2327.5231
11212 151.6875
11214 555.1745
11217 182.8307
11218 152.9266
11221 399.8763
11222 3621.4487
11225 243.0841
11233 144.4300
11234 153.5763
11239 160.3608
11241 150.4554
11243 221.4908
11249 228.5389
11250 223.7408
11253 148.2794
11261 230.7597
11264 147.6690
11267 266.5428
11271 4114.2590
11272 1571.8499
11283 148.3531
11284 149.0834
11285 182.1091
11286 3390.3227
11291 161.8881
11297 162.7460
11299 208.7181
11303 234.9940
11304 166.7934
11306 230.2225
11310 151.6414
11311 241.2502
11312 180.4929
11315 157.3820
11328 230.0775
11329 154.2922
11331 161.3119
11336 199.5468
11337 237.9829
11342 144.7861
11343 148.7048
11347 148.0825
11348 212.8379
11350 146.7964
11352 151.3378
11354 147.5218
11356 152.6411
11359 149.6286
11360 148.4705
11361 322.4076
11362 151.1283
11365 167.6121
11366 155.7405
11367 168.0547
11368 1283.9655
11379 195.5525
11383 154.7438
11385 151.8154
11387 159.3106
11388 196.6750
11389 146.3122
11398 239.0515
11401 2167.4111
11403 150.9141
11404 146.3613
11412 146.3866
11414 145.7172
11415 171.4311
11418 169.9537
11420 146.5248
11424 230.6024
11430 159.7578
11444 164.4642
11446 149.1343
11447 168.0957
11454 154.0476
11455 194.8465
11457 263.1522
11459 147.4167
11461 168.3144
11462 194.3311
11464 145.2105
11467 194.3198
11471 423.7437
11473 160.9297
11474 147.6324
11476 167.8414
11479 205.3450
11485 267.2994
11488 168.5711
11489 147.5668
11494 195.5525
11495 184.5885
11499 176.3461
11501 195.9443
11503 152.2464
11508 345.9142
11510 145.8016
11513 155.4163
11515 148.4464
11522 156.9618
11523 192.5558
11524 153.0646
11528 164.8070
11530 149.3449
11539 147.2047
11553 147.8460
11554 145.9098
11555 147.6277
11559 202.9322
11560 204.4164
11562 150.6135
11564 174.5074
11565 151.7028
11566 155.1892
11567 196.9849
11568 148.7820
11570 144.6896
11571 147.1295
11574 2691.9732
11575 144.1540
11579 157.7204
11581 246.9507
11593 223.4544
11594 160.4007
11595 154.5190
11609 148.9270
11610 193.9955
11612 167.2357
11621 146.0060
11624 1505.0425
11625 208.3589
11628 185.5478
11629 154.6225
11634 233.2560
11640 193.8858
11643 147.6801
11644 145.8719
11645 508.6142
11646 148.5065
11648 144.9136
11649 170.3848
11653 187.1995
11654 189.6050
11659 216.4599
11662 149.6933
11666 147.6851
11668 147.7864
11670 197.8097
11671 147.7561
11674 182.2473
11677 151.8605
11679 182.4480
11681 149.2225
11684 178.8618
11688 158.7915
11690 149.6107
11691 195.5973
11697 160.7995
11705 173.2526
11706 164.8590
11710 149.6339
11712 151.0215
11713 148.0147
11714 152.9058
11716 145.1226
11721 164.9706
11722 145.0972
11724 236.9145
11725 144.6934
11727 3333.9035
11732 145.8175
11740 152.2824
11743 164.3751
11744 150.4161
11746 182.3182
11748 279.0513
11749 148.4333
11753 149.1984
11755 145.7015
11758 270.7972
11763 203.9904
11764 146.8937
11765 186.2473
11766 145.5091
11772 147.3492
11775 148.3290
11776 319.9580
11780 149.2324
11782 180.9389
11785 428.6617
11788 249.7158
11791 191.3984
11792 200.1715
11795 145.6829
11798 159.4942
11803 146.7872
11804 305.8016
11807 161.7236
11809 169.6838
11815 189.1041
11817 214.2631
11820 145.7172
11824 210.6584
11825 168.1406
11826 147.8384
11828 154.4421
11831 156.2209
11833 150.1996
11835 148.0925
11837 149.2816
11839 200.2530
11847 145.6091
11848 161.1314
11852 3780.3965
11854 145.2680
11855 150.3376
11856 158.1091
11857 361.6251
11864 206.1903
11877 146.8104
11879 178.8311
11882 174.7863
11884 147.5074
11886 161.9532
11890 279.7336
11892 146.2557
11894 178.3425
11896 217.5076
11899 275.4976
11901 151.5242
11904 4078.2202
11911 193.6965
11912 150.8358
11913 172.4095
11915 153.3338
11917 147.5416
11922 222.7176
11924 399.4432
11931 189.1916
11932 244.4613
11934 146.4041
11936 276.8295
11947 497.5689
11954 309.2011
11955 152.4050
11960 152.6005
11964 144.9162
11965 216.4862
11966 151.2694
11969 263.3011
11970 880.2536
11971 319.1018
11972 147.7682
11976 155.8398
11979 159.0263
11980 229.4349
11982 144.6583
11985 207.2303
11986 154.8935
11987 149.5612
11988 149.9504
11990 392.0168
11993 150.5922
11997 238.3272
12005 152.6492
12007 186.2739
12010 229.1904
12011 145.9718
12012 372.1812
12014 229.4554
12020 148.3065
12022 211.9530
12023 1563.7398
12025 146.0523
12031 152.3326
12043 152.7939
12044 150.3485
12050 146.8546
12052 149.6113
12059 148.7443
12060 342.2098
12061 274.3254
12065 194.0296
12066 147.1402
12068 246.9507
12073 161.9869
12074 144.1825
12077 193.5276
12078 169.5707
12079 271.3224
12084 257.5765
12086 152.6797
12089 145.9264
12091 147.5449
12092 1214.4769
12093 147.0972
12095 145.0388
12096 152.5826
12097 150.0246
12099 148.0769
12100 152.6788
12105 191.3906
12108 150.5775
12110 152.5185
12111 153.5366
12112 205.5599
12117 215.0985
12121 155.0788
12123 199.3073
12125 189.2362
12128 145.9595
12131 335.2516
12132 145.2628
12134 160.5294
12143 276.8295
12144 237.1238
12161 189.4513
12164 267.9036
12165 159.6128
12169 150.9217
12172 171.7920
12173 157.5569
12174 238.5077
12176 146.7088
12177 148.8192
12180 148.7508
12183 145.2736
12185 233.1930
12187 1167.8685
12188 371.0669
12194 243.8653
12201 148.3468
12203 150.3030
12209 145.5122
12213 154.4726
12216 215.6349
12218 156.8088
12220 145.0146
12232 152.4669
12235 147.7291
12236 155.3723
12237 188.2889
12239 150.3164
12243 154.8344
12248 150.4812
12252 175.8920
12255 154.1400
12256 145.4511
12257 4184.0468
12258 167.9467
12263 194.8465
12268 152.2737
12269 213.8663
12271 149.8791
12273 165.2335
12277 179.0247
12279 144.5206
12285 240.6305
12286 3300.4429
12287 148.1472
12289 144.5100
12290 148.3126
12300 146.7929
12311 146.3663
12313 151.9485
12317 150.7872
12320 144.7782
12326 171.8062
12327 232.4405
12329 226.4609
12333 155.7358
12335 178.4828
12336 180.2519
12338 157.0924
12341 155.6592
12351 246.1870
12352 159.4831
12356 946.7066
12360 155.9134
12365 281.6984
12366 180.3353
12371 147.6603
12373 1072.3086
12376 149.2324
12377 157.6733
12387 157.9759
12399 146.9508
12402 153.9584
12405 209.2694
12407 166.3019
12409 181.9582
12410 234.8076
12414 170.1491
12415 146.0023
12416 145.3892
12417 597.3251
12418 253.2386
12423 150.7768
12426 143.9696
12427 146.8546
12431 166.1312
12440 145.3773
12441 304.3808
12442 1927.2798
12451 155.0187
12453 155.0782
12455 150.6114
12460 629.7702
12462 156.0670
12464 153.8293
12466 145.2295
12469 198.2250
12471 166.6737
12473 329.1795
12480 263.8599
12481 218.3044
12482 151.2333
12484 154.3089
12489 722.5791
12491 248.5321
12493 165.0214
12494 239.6676
12497 240.2154
12503 328.6545
12507 196.3353
12508 156.1141
12512 161.2363
12514 154.3652
12515 176.3692
12516 146.3504
12518 167.3211
12521 144.9746
12524 145.2752
12526 190.0707
12530 203.7407
12533 144.9135
12535 144.9832
12539 147.6748
12540 148.2350
12542 176.6306
12548 204.3666
12549 175.1154
12550 148.7608
12557 192.6843
12559 177.9314
12560 4022.7415
12561 150.4446
12564 144.7527
12576 169.4887
12577 226.1180
12580 278.8652
12585 152.0630
12588 151.9859
12591 146.7284
12593 153.3914
12595 147.6997
12597 151.2634
12598 324.6519
12600 2067.5027
12604 306.6032
12605 147.8155
12610 205.1677
12616 147.2102
12621 144.9136
12630 316.1198
12631 145.2557
12639 146.4219
12642 146.4030
12646 151.4174
12649 148.2414
12653 149.8224
12654 147.5435
12657 245.4260
12661 145.6874
12667 148.6387
12670 143.3732
12674 164.9535
12675 160.9263
12677 201.0731
12681 145.2295
12685 153.7991
12693 153.4324
12696 168.2250
12697 626.0228
12704 171.4872
12707 256.8011
12710 150.1190
12711 149.1180
12715 246.7463
12718 183.6536
12719 154.8189
12720 500.0219
12729 3043.0480
12732 259.9648
12739 149.3944
12745 148.2161
12748 256.4548
12756 3035.1236
12757 173.3593
12760 235.6169
12762 227.6281
12764 3567.2517
12765 206.3664
12768 202.9446
12776 146.2649
12782 220.4391
12783 200.9829
12796 149.0823
12800 148.1393
12802 190.1903
12803 182.7499
12804 152.4965
12809 156.2441
12810 211.9530
12815 629.2147
12819 149.5406
12821 147.1442
12822 157.3089
12828 461.9167
12830 202.5455
12833 146.0026
12835 2705.5059
12837 159.0608
12840 165.5131
12843 233.7459
12844 148.4043
12845 149.2417
12849 232.9718
12851 145.3421
12852 193.5753
12858 626.5119
12859 173.6133
12860 231.4185
12861 151.8380
12864 149.7369
12869 149.9551
12875 303.4149
12876 152.2626
12878 148.7154
12881 145.6503
12885 155.3262
12887 145.2875
12893 179.2876
12894 147.9674
12895 154.4547
12896 152.1088
12900 145.2990
12904 157.6769
12905 207.8952
12906 274.2444
12913 144.6168
12920 162.5209
12923 188.1274
12924 2042.4107
12926 244.1519
12935 152.8185
12936 145.5973
12938 216.6283
12939 175.2907
12940 243.3309
12943 145.6665
12946 144.5152
12947 149.1777
12949 327.1737
12959 147.4536
12964 174.0596
12966 229.4536
12967 149.9616
12968 3366.5165
12971 221.0374
12985 191.4297
12986 291.6634
12987 145.5604
12991 146.3634
12992 240.3693
12993 151.1180
13000 4011.6034
13001 1323.6374
13002 177.4606
13007 260.9469
13008 146.3968
13011 353.8042
13019 194.2835
13020 149.5690
13021 206.8261
13029 158.6259
13030 154.0207
13031 146.9381
13033 165.3604
13044 149.8292
13049 145.6857
13050 201.9352
13053 208.5909
13059 175.1204
13061 144.8757
13070 146.4518
13074 148.6132
13077 254.8286
13078 198.3117
13080 152.5130
13081 208.5149
13084 164.3751
13085 144.3711
13086 160.1128
13087 154.3700
13088 180.2379
13089 147.8412
13090 167.1189
13091 151.9442
13093 3676.0190
13096 156.6054
13099 229.4382
13100 150.1559
13103 206.8082
13104 420.1488
13113 148.0155
13117 250.3373
13118 144.7527
13125 151.3351
13129 1074.9584
13145 145.5391
13147 218.3150
13151 152.0530
13156 155.6045
13161 246.3810
13164 3483.6381
13165 180.2225
13172 185.3984
13176 363.5729
13177 190.4469
13180 147.1750
13182 217.5076
13185 161.9091
13196 147.3952
13200 223.2826
13201 203.8446
13204 268.2054
13206 151.0413
13210 144.7281
13211 153.8609
13214 282.1327
13215 221.1823
13216 149.7369
13221 954.1664
13222 159.0527
13224 146.1145
13226 157.2916
13230 153.4144
13232 254.4416
13236 151.8647
13238 171.8926
13239 146.9173
13240 145.8259
13244 192.2971
13246 177.3562
13247 145.7613
13248 147.6051
13249 267.0469
13263 152.7500
13264 148.8157
13266 4107.1948
13268 171.4286
13275 215.3709
13278 148.2512
13280 283.8353
13286 151.7719
13287 149.5149
13296 151.5293
13298 149.0079
13300 303.3408
13303 159.0736
13305 179.3007
13306 173.7805
13308 146.6444
13315 147.9787
13318 153.6266
13323 145.1039
13325 144.9150
13329 209.1025
13331 145.8951
13336 148.2504
13337 227.5103
13340 179.9744
13349 145.0203
13352 147.9105
13353 143.7917
13362 144.8100
13364 151.0393
13366 150.3690
13367 156.7550
13368 277.4420
13372 149.5891
13376 149.5762
13377 150.1192
13378 154.8675
13380 149.9946
13384 146.8130
13385 184.7907
13388 147.0479
13389 151.0215
13390 186.5787
13393 149.7369
13398 958.0220
13404 204.4309
13406 146.4867
13407 156.6900
13408 156.6549
13410 148.7974
13413 147.5571
13416 157.1407
13417 201.4523
13424 186.8975
13428 149.8873
13436 196.4344
13439 222.9178
13440 146.7589
13441 200.6113
13442 151.1313
13447 145.5119
13448 159.7856
13450 149.5235
13455 203.4267
13463 146.5615
13465 151.0124
13468 149.9078
13473 149.6879
13476 146.4415
13478 221.0494
13479 145.2732
13484 170.0747
13493 147.8872
13496 159.5289
13500 230.2225
13506 150.6364
13514 201.1207
13515 146.8602
13517 199.3715
13518 146.0151
13528 149.1487
13533 161.0753
13536 150.1053
13537 151.3195
13540 151.6158
13542 163.0161
13545 145.2117
13549 201.4215
13553 172.6259
13556 146.1444
13563 240.3693
13564 223.1472
13567 238.0241
13569 146.4593
13576 151.8900
13577 151.0393
13582 176.1874
13583 361.8062
13584 144.9853
13585 240.8271
13586 151.7170
13589 271.0363
13594 148.9657
13595 151.6070
13596 159.5694
13598 179.9121
13607 147.4563
13614 155.4711
13615 274.3254
13616 166.5615
13620 145.5641
13623 289.9948
13625 181.9248
13626 224.3024
13628 146.0337
13633 148.4435
13637 151.1593
13645 200.0788
13646 150.0690
13647 371.6242
13649 179.0307
13652 145.5306
13653 155.4163
13656 261.0466
13658 148.3473
13660 195.4815
13662 155.6364
13667 153.3751
13670 145.1069
13674 150.0823
13675 244.4613
13676 165.6334
13680 144.8262
13683 146.1386
13684 258.1284
13687 148.1353
13688 3342.8503
13693 167.4414
13696 258.1370
13697 148.5728
13698 162.1401
13699 146.8344
13700 196.9849
13702 200.5737
13710 151.7095
13715 169.0385
13720 158.6934
13722 149.2976
13723 3474.8601
13724 145.7853
13731 154.5539
13734 145.5808
13735 165.7784
13736 194.8323
13737 217.4097
13738 219.9335
13740 167.4292
13745 147.8237
13749 144.9388
13750 196.9456
13751 163.2977
13753 182.6375
13754 146.7159
13756 158.9863
13758 163.3087
13759 172.9332
13760 144.6433
13762 157.7663
13763 199.7795
13765 344.4550
13766 145.5458
13769 151.0350
13771 149.7866
13772 144.7861
13774 145.9595
13776 158.5595
13778 159.5856
13783 214.0101
13785 154.8781
13789 2979.9743
13799 236.3901
13801 146.4978
13806 156.2471
13809 341.7539
13810 145.8623
13811 149.7603
13812 151.9066
13813 167.9472
13816 146.7691
13823 147.6953
13825 192.5354
13827 146.6852
13832 212.5367
13837 213.7479
13838 156.0567
13841 244.5941
13843 145.5261
13845 158.6067
13846 169.2469
13848 148.1571
13851 145.4068
13855 151.2428
13858 147.9016
13860 155.0788
13861 157.7553
13862 199.6011
13863 158.5258
13864 149.9291
13867 148.3624
13870 146.1082
13872 147.7143
13873 163.6407
13874 250.1468
13875 151.0050
13876 150.8178
13877 265.0304
13881 210.9277
13883 155.7434
13884 148.7709
13895 148.2551
13900 172.1798
13903 171.4872
13906 2400.9173
13911 180.9905
13912 145.6034
13913 182.4495
13915 189.7152
13920 145.2269
13921 171.5589
13924 148.0438
13927 159.7101
13929 153.6176
13933 213.9980
13935 147.1925
13937 150.2464
13938 164.4976
13939 147.6699
13940 477.9323
13942 168.8032
13944 149.7935
13950 148.5199
13957 151.6070
13958 149.8710
13959 241.3057
13961 159.0202
13963 147.0236
13965 155.7405
13968 146.3559
13969 157.2690
13972 231.2396
13973 145.5461
13975 145.2602
13976 146.8631
13981 2929.4873
13983 150.1206
13988 146.3845
13991 158.9419
13994 148.9111
13995 721.7181
13997 253.2386
14004 294.8509
14006 144.7861
14012 315.8963
14021 145.5650
14026 218.3528
14027 280.9659
14028 399.4331
14029 145.6308
14031 145.3746
14032 171.1034
14039 145.7134
14040 149.2563
14045 728.5211
14051 148.9281
14053 174.2642
14055 299.9422
14057 174.2026
14058 256.8698
14060 177.9523
14062 145.8781
14072 158.7571
14073 196.3494
14075 197.5717
14076 151.5034
14084 165.7572
14086 154.2886
14088 149.0795
14089 146.7945
14093 159.8742
14094 231.6289
14096 148.0326
14098 170.9065
14102 151.1056
14113 147.3777
14119 167.9694
14120 189.9645
14128 159.0343
14131 205.1566
14136 158.2364
14139 165.5887
14140 164.1646
14144 151.1575
14146 180.7063
14148 148.8374
14149 160.1948
14151 171.8735
14152 172.3170
14153 144.6187
14154 148.1587
14156 259.9230
14157 149.3785
14160 226.0116
14161 225.2154
14163 174.4693
14164 151.5699
14165 149.7369
14173 155.1144
14177 144.3848
14179 146.4235
14181 148.2010
14186 504.8158
14187 153.2933
14190 212.1050
14197 147.2723
14200 214.5066
14205 151.2708
14207 176.5603
14208 148.7347
14212 224.6772
14215 153.1679
14218 144.7985
14225 146.0440
14232 177.8352
14240 154.5907
14244 145.9595
14245 149.1031
14248 145.9062
14250 180.4245
14253 159.6643
14263 155.3723
14266 149.8960
14268 190.5282
14271 151.0741
14280 157.7416
14281 150.1056
14282 989.2145
14288 147.8682
14290 200.1996
14293 154.0050
14294 162.8129
14306 4135.1002
14307 145.0109
14308 3439.5697
14309 157.3861
14318 3954.1141
14323 159.5466
14324 160.1968
14328 1936.1353
14329 145.8824
14331 147.2703
14332 148.2377
14333 149.0117
14335 144.1092
14338 4219.0292
14340 630.0681
14343 149.7369
14344 170.9506
14349 150.3818
14352 151.1846
14362 146.4054
14363 2066.2890
14369 154.5099
14371 319.6554
14372 156.3781
14377 216.6283
14384 224.9481
14386 1904.5664
14388 148.0947
14394 150.7137
14396 376.4416
14397 161.0008
14398 190.2346
14406 216.1750
14409 146.6030
14410 157.9759
14414 208.6572
14415 146.2568
14418 190.1906
14421 175.0559
14422 154.3875
14423 158.5911
14424 151.8869
14425 144.8705
14427 151.0215
14429 154.3063
14438 146.1806
14440 157.6831
14443 148.0769
14445 174.9604
14446 209.2965
14449 169.9804
14451 244.4772
14455 163.6529
14457 242.3499
14463 145.7172
14465 174.1445
14467 230.2225
14471 4040.6170
14475 166.5741
14487 182.4480
14488 248.4125
14491 146.8104
14492 151.0050
14494 151.5180
14497 159.7435
14498 159.4354
14500 185.1867
14502 149.4199
14507 218.5122
14509 260.7860
14513 148.6261
14516 303.5194
14520 154.6765
14524 154.8267
14526 146.8938
14529 156.3259
14531 149.5243
14532 240.3693
14533 145.3505
14534 150.5371
14535 157.1004
14541 180.5998
14542 250.2064
14551 147.1789
14552 3076.5200
14554 194.2254
14555 363.3043
14558 149.3769
14561 151.5272
14563 849.9443
14568 212.4116
14572 147.7485
14573 146.6100
14574 188.5285
14578 218.3044
14580 235.7894
14581 158.4602
14584 390.4541
14586 146.2916
14587 237.7488
14589 3770.0332
14590 240.4729
14595 146.7571
14598 267.2994
14599 148.7055
14601 144.9461
14605 246.3027
14609 148.5839
14612 982.3679
14615 411.6648
14617 1144.6977
14618 274.3254
14620 1310.5341
14622 155.9852
14624 149.6993
14628 163.5609
14630 274.3254
14636 158.6433
14641 151.6070
14642 162.9959
14648 188.6508
14649 146.9564
14651 165.5716
14660 157.3809
14665 152.1018
14666 573.4512
14667 208.2772
14676 179.1747
14677 158.3387
14678 210.0788
14679 151.8877
14681 145.8824
14683 162.9186
14684 177.5305
14685 147.1873
14689 154.7345
14693 157.4239
14697 253.2602
14698 267.6121
14699 149.3833
14700 253.0157
14701 178.7997
14703 156.1362
14707 149.0989
14710 150.5639
14711 149.8599
14713 234.5617
14715 167.5445
14722 150.0983
14723 157.0391
14727 194.3198
14730 219.5804
14731 223.5393
14733 159.6099
14735 199.2083
14743 168.4264
14745 148.8230
14751 3938.3428
14752 199.1435
14754 187.9709
14759 169.9129
14762 156.1854
14768 199.4999
14771 163.9110
14780 163.7012
14781 151.6224
14783 146.6518
14786 205.8748
14787 276.4902
14788 146.4158
14789 251.0344
14792 145.1444
14794 149.3254
14798 145.1475
14799 189.4286
14803 215.1194
14807 249.6758
14809 160.7646
14810 148.6473
14811 245.1674
14812 348.1951
14815 149.1530
14819 228.9102
14822 148.8499
14828 2119.0614
14830 294.3508
14831 148.3531
14835 153.9159
14836 171.1118
14844 146.7712
14846 151.4046
14847 194.9121
14848 256.9581
14850 159.1267
14856 149.7922
14860 153.4399
14861 153.0962
14866 155.7409
14868 334.7513
14869 147.4045
14873 232.8090
14877 183.9189
14878 431.5052
14882 157.8969
14884 175.1223
14888 147.7972
14892 149.7647
14900 1064.4309
14906 309.4876
14907 201.8839
14914 164.3966
14915 208.1246
14917 143.5953
14919 207.7099
14920 424.1515
14922 147.0375
14923 177.1283
14925 169.1849
14926 154.8675
14933 275.4784
14934 148.2464
14943 388.0030
14945 146.8964
14954 150.1723
14955 144.1122
14959 166.4865
14962 161.6434
14963 152.0940
14965 220.3257
14969 154.7477
14970 144.2125
14971 218.3704
14973 174.0899
14978 3293.0677
14980 146.1557
14983 218.4919
14984 147.9626
14985 150.2034
14987 1406.0404
14988 214.2631
14990 156.3744
15002 146.2007
15003 253.2386
15007 148.6470
15008 145.2065
15012 161.1291
15014 441.3087
15015 3655.2606
15016 151.5915
15018 150.9128
15019 145.3876
15020 287.5390
15021 150.3274
15024 175.9359
15025 203.7247
15026 189.3848
15032 149.0847
15036 146.8662
15037 148.0915
15043 158.0380
15044 152.7500
15048 189.2290
15054 214.4163
15055 266.5244
15057 144.0775
15061 182.1079
15064 161.6259
15067 145.5631
15070 150.1079
15071 155.0782
15073 224.1485
15074 148.1584
15076 191.9173
15081 146.5636
15083 194.4233
15085 148.6627
15088 213.4319
15090 151.6018
15093 148.6337
15094 391.6219
15099 150.1112
15102 149.4012
15109 201.2635
15111 1040.5410
15113 163.7383
15116 151.8917
15121 146.3736
15125 147.2693
15132 148.4941
15135 2111.9103
15137 146.6030
15142 245.6559
15143 179.2737
15147 150.7699
15148 165.2784
15149 376.8719
15154 225.2839
15155 203.6657
15164 149.9834
15167 147.4814
15171 149.6819
15174 151.3947
15176 216.4599
15181 203.7071
15182 148.1356
15183 148.6797
15186 146.8858
15187 154.3089
15189 3385.5969
15192 160.5014
15198 158.1243
15199 1745.4044
15203 149.1807
15204 144.7944
15207 144.8593
15208 167.6485
15214 146.2568
15215 150.1906
15217 150.2557
15221 148.4431
15222 269.1805
15224 145.4654
15225 188.8874
15228 177.6304
15230 258.9999
15231 145.0613
15235 154.3321
15236 270.0804
15237 147.4432
15244 148.8611
15247 204.2314
15251 148.1516
15257 173.2167
15262 146.7781
15264 145.6660
15266 145.2667
15267 164.1716
15270 146.4251
15277 213.8054
15278 178.5539
15280 201.6474
15281 146.6520
15282 156.0652
15285 151.3765
15290 224.1707
15291 150.8741
15292 151.5370
15293 153.3206
15294 146.7755
15300 212.7406
15301 149.6107
15303 158.5516
15305 145.1226
15306 149.1107
15310 149.7493
15311 146.4066
15317 160.2340
15324 145.1431
15325 147.9977
15326 148.7774
15336 156.6615
15338 201.2976
15339 147.1132
15340 149.6107
15344 151.8219
15346 660.2200
15351 327.0733
15353 177.3195
15355 170.1617
15359 149.0154
15360 152.6636
15361 156.0686
15362 146.9386
15376 147.8217
15377 144.0967
15386 163.6407
15389 154.1998
15390 149.2976
15396 156.2461
15401 165.9397
15402 151.1313
15405 157.1645
15407 152.9585
15408 146.1173
15414 614.9124
15415 145.2736
15417 199.6750
15419 187.9406
15420 158.0557
15421 153.6865
15422 236.9145
15424 155.6516
15429 146.8047
15435 147.3961
15438 204.6505
15439 147.9212
15442 152.5595
15443 167.8570
15445 282.6100
15447 232.4447
15450 150.6884
15451 160.0460
15454 163.7890
15455 237.1500
15458 154.6449
15461 1136.5349
15463 152.4588
15466 171.9793
15468 162.4075
15472 149.1792
15474 155.3935
15475 160.3043
15479 147.4164
15481 147.5402
15482 197.2259
15483 190.6129
15486 185.0240
15492 355.1338
15494 146.7929
15495 164.5003
15500 148.9030
15503 151.3472
15505 146.2732
15508 268.4029
15509 202.9322
15512 249.2158
15513 150.8288
15516 163.4779
15517 151.8144
15518 936.8935
15519 147.9478
15520 249.9875
15523 147.8808
15526 145.1753
15542 147.8361
15545 144.6366
15550 151.4687
15554 147.8128
15557 166.0775
15565 259.5971
15568 149.1955
15574 151.5262
15577 219.8468
15590 160.8543
15591 164.6417
15593 229.7565
15594 162.1798
15600 2415.4276
15602 159.4058
15603 150.7729
15614 200.9829
15616 151.0056
15618 211.5122
15621 151.1787
15626 156.8498
15627 289.3028
15631 145.5020
15632 146.6043
15642 148.2217
15643 186.2041
15649 168.6928
15650 168.0385
15651 159.6537
15654 408.0502
15658 147.4249
15662 1961.4072
15672 180.7201
15678 301.6305
15679 369.1471
15694 214.5956
15699 150.2222
15702 246.9507
15705 149.7446
15706 202.9322
15710 148.3717
15711 295.0063
15715 167.1360
15716 246.9507
15724 148.9508
15733 332.0984
15735 148.1913
15737 205.7771
15739 214.3852
15741 217.2577
15743 144.5269
15744 679.8271
15746 169.1242
15753 160.0205
15754 216.8381
15757 149.8960
15759 159.6580
15760 148.6283
15763 210.1458
15765 146.9381
15770 160.0799
15771 145.3892
15774 150.7579
15775 187.4620
15782 158.8286
15789 152.5777
15790 258.2304
15793 378.4747
15794 164.1872
15798 144.6994
15805 204.5257
15810 145.2795
15812 164.5823
15819 145.2902
15822 249.8255
15828 156.1011
15838 151.5386
15839 177.3273
15840 190.8366
15841 152.5180
15846 208.1688
15847 157.5368
15848 149.3406
15851 234.7049
15855 1139.6883
15856 149.1102
15860 147.4164
15865 312.9739
15868 501.4393
15871 154.8344
15872 245.6592
15874 153.8291
15879 150.6312
15880 148.9844
15887 209.0801
15894 293.4209
15895 145.2259
15896 158.7571
15897 177.9143
15902 156.6858
15904 155.5264
15908 182.5214
15909 175.3537
15913 154.7743
15920 146.8104
15925 235.6169
15926 155.3723
15927 147.1485
15931 172.8865
15933 154.0387
15935 146.4736
15945 161.1964
15946 266.4558
15949 166.9039
15951 1961.2749
15957 185.8531
15961 270.0455
15962 151.3445
15964 160.6729
15968 245.1450
15970 146.0649
15971 161.9997
15982 184.5610
15989 146.8123
15991 148.8225
15994 192.3205
15996 151.9506
16001 251.0010
16003 150.2956
16010 168.7082
16015 3464.2448
16020 163.5375
16022 250.1465
16024 145.5290
16027 1194.0933
16032 144.1360
16035 174.3278
16038 151.2120
16039 151.1454
16041 284.6492
16043 146.3216
16046 147.5661
16051 146.9173
16052 148.1925
16053 173.0216
16058 157.7204
16059 216.6114
16061 148.5119
16064 166.4778
16068 145.2514
16073 145.2342
16075 151.8219
16079 177.3562
16080 153.9307
16081 148.4559
16084 194.2165
16085 409.2841
16088 157.2063
16089 150.7134
16094 173.7138
16101 234.8061
16102 144.9573
16103 189.9285
16105 365.8509
16106 146.1774
16110 160.8138
16120 4011.6034
16124 697.2416
16126 290.3534
16128 144.7861
16129 179.3151
16136 149.7102
16142 149.4859
16144 147.0192
16145 248.9207
16146 235.7894
16148 273.9574
16155 148.3290
16156 166.9314
16161 147.2890
16162 371.0087
16166 352.0705
16167 416.2259
16176 519.8594
16178 145.2752
16184 378.9833
16185 235.8424
16187 321.7260
16188 1925.8870
16189 150.1713
16190 186.4656
16191 155.3469
16192 144.4151
16195 149.3756
16196 155.7592
16198 150.5919
16202 177.7345
16206 250.2064
16208 150.9673
16210 1263.0281
16212 183.0081
16216 146.8407
16218 153.4308
16227 148.5458
16228 4065.8520
16229 398.8742
16230 210.6840
16232 178.0151
16233 248.4055
16240 173.0005
16244 147.2969
16245 179.0410
16246 153.1107
16248 148.1768
16253 167.8888
16255 153.0885
16257 165.5030
16264 148.5479
16265 4219.0292
16278 149.9661
16282 174.5018
16288 154.7645
16292 150.6012
16295 148.6928
16298 146.1526
16304 202.6696
16308 242.9829
16309 159.9225
16311 233.0454
16312 2365.4684
16316 147.9093
16317 309.1581
16327 155.2942
16329 148.6789
16338 148.4585
16341 146.3276
16342 204.4767
16344 216.4599
16348 156.8125
16354 150.2048
16359 151.5871
16362 383.0228
16363 167.4561
16364 155.3580
16368 171.3211
16370 219.2479
16371 152.5503
16372 242.6282
16373 208.5284
16374 217.0830
16376 1366.1459
16377 145.6174
16382 188.4847
16383 180.7707
16390 481.6422
16393 173.8106
16395 184.7775
16397 260.7650
16409 149.2886
16412 146.8111
16413 204.4069
16415 146.8471
16416 167.9658
16419 198.0974
16420 147.0381
16421 245.9160
16427 165.1472
16429 4002.2649
16433 149.2587
16434 146.5924
16435 156.5884
16437 150.2790
16439 151.0492
16440 151.1823
16443 150.8473
16451 201.0731
16452 251.2728
16458 151.8928
16462 242.7148
16463 160.4665
16464 286.2939
16467 247.9726
16469 149.1787
16473 3775.1061
16474 149.4161
16478 149.8959
16482 239.5765
16484 178.1456
16489 185.7589
16497 185.6205
16499 203.6655
16501 146.7788
16502 144.6366
16508 1963.4149
16513 188.2940
16516 208.6911
16520 176.3002
16522 156.3138
16525 149.3094
16527 150.3255
16528 160.2697
16529 531.3692
16531 145.7449
16533 159.4852
16536 189.5169
16539 238.7759
16541 1135.8033
16544 226.8079
16547 149.2117
16548 279.8615
16554 165.5460
16559 144.5011
16560 156.2416
16570 174.1393
16574 235.7894
16575 147.6229
16576 1101.2192
16577 154.3875
16580 161.3789
16581 634.9737
16584 224.4969
16593 168.3665
16594 389.5971
16599 149.2144
16600 155.4664
16604 144.2093
16609 150.4097
16610 144.7527
16614 149.1179
16615 3933.3454
16616 156.4402
16621 151.9495
16627 464.7238
16630 150.2491
16632 152.8702
16634 149.1555
16636 235.9431
16638 770.9194
16644 276.8295
16645 202.8732
16647 153.0528
16649 401.3546
16651 192.5865
16653 163.4815
16658 151.1815
16659 159.6580
16660 147.8776
16663 203.3655
16668 364.0910
16671 158.1591
16673 271.5414
16674 152.0836
16675 3471.9501
16677 148.1280
16680 912.4834
16683 172.1796
16684 187.9645
16690 149.9381
16693 145.1071
16700 150.9947
16708 156.4648
16709 163.0372
16710 211.9530
16711 163.2694
16716 233.2205
16717 146.6444
16724 211.9530
16727 147.1486
16729 4236.8569
16731 189.8636
16733 186.8799
16734 171.8956
16737 179.6654
16738 148.1356
16739 181.0882
16745 157.2298
16746 155.9150
16747 149.0290
16757 168.1406
16758 166.7642
16764 151.7003
16772 389.5971
16773 151.9130
16775 205.9466
16777 271.3224
16779 169.2317
16781 145.5641
16788 145.7537
16794 156.3477
16796 145.2875
16798 149.2847
16801 153.3760
16807 144.4985
16810 150.2672
16817 165.1976
16827 152.2183
16829 1843.0299
16832 240.3371
16833 168.1247
16836 194.6427
16837 151.8355
16838 267.6121
16839 150.2754
16843 149.5249
16846 151.4859
16847 173.4055
16851 147.8104
16852 276.8295
16856 156.4523
16857 796.2716
16858 145.2705
16859 1855.3684
16863 154.8806
16867 234.7049
16868 195.6377
16873 158.0940
16874 150.2549
16875 170.2329
16878 311.1127
16880 176.5354
16889 158.4366
16890 179.6982
16893 240.8452
16896 145.6727
16898 211.3294
16900 2739.2148
16903 157.9162
16904 146.7755
16905 148.5449
16907 248.1576
16910 169.9140
16911 779.1005
16912 144.0100
16916 159.8933
16918 184.8367
16922 152.6065
16928 254.0548
16929 155.9932
16931 147.8157
16933 171.3003
16936 145.9264
16938 151.8649
16939 147.9659
16941 170.5100
16948 3934.3676
16954 154.8074
16957 149.1826
16958 160.5752
16961 150.3195
16965 177.8584
16967 149.7480
16973 239.6906
16975 239.3267
16978 147.7547
16979 256.7516
16981 145.8091
16984 154.8344
16986 153.2060
16988 196.2837
16994 144.1540
16998 147.7684
17000 170.7579
17005 253.2386
17008 465.0759
17010 844.7042
17011 147.7333
17012 145.0467
17013 149.9515
17017 206.6177
17024 149.4334
17027 144.7985
17030 1615.1726
17031 144.6125
17033 247.2941
17036 269.7497
17042 163.0159
17043 190.1130
17046 164.3528
17048 2264.3038
17056 211.5511
17057 157.1984
17064 151.4601
17068 171.4311
17069 157.6526
17077 246.6640
17081 144.1433
17083 153.0002
17086 290.9218
17088 236.9257
17093 164.3000
17096 148.5082
17100 145.0712
17105 170.8556
17107 153.1107
17110 713.7100
17121 198.3772
17123 227.1018
17125 146.8159
17130 148.8975
17132 148.4916
17133 154.1173
17134 254.8286
17148 151.2787
17157 2471.5881
17158 155.5644
17160 198.5173
17170 150.7872
17172 226.7749
17173 144.8457
17176 193.6641
17180 147.6441
17186 144.7236
17201 261.3772
17203 195.3357
17205 145.0245
17207 159.3644
17209 149.8283
17212 208.0561
17213 1376.0453
17215 180.0443
17216 149.2955
17218 147.6331
17220 158.3445
17222 145.5808
17223 208.7584
17226 146.1516
17227 144.1384
17232 467.2652
17235 215.3296
17239 174.4693
17240 152.4255
17241 160.5469
17244 150.9536
17247 166.0403
17252 148.9527
17255 163.8831
17258 150.1762
17259 1906.6815
17260 250.6519
17264 150.7209
17265 166.0522
17268 376.4046
17270 149.6358
17271 172.1722
17275 145.2504
17278 153.0177
17280 150.8579
17281 182.5877
17282 144.6510
17289 147.6020
17294 153.5023
17297 152.5847
17302 2268.5105
17310 175.8697
17313 171.5155
17314 165.8157
17315 180.4297
17320 508.5794
17321 177.8040
17322 191.5501
17328 153.7157
17338 145.3892
17340 228.9404
17342 149.2097
17343 163.3607
17345 163.6944
17348 148.9855
17356 148.8800
17358 148.0517
17361 256.6972
17363 153.6217
17365 154.9016
17370 146.9188
17373 147.9609
17374 150.5061
17377 148.3604
17379 150.3583
17381 173.0262
17382 144.3814
17392 224.1307
17394 160.2613
17400 148.8719
17401 162.0941
17403 289.5746
17408 148.9541
17411 163.6681
17414 215.4562
17423 180.0784
17425 251.7112
17428 163.2380
17429 169.2279
17437 154.1162
17446 379.9410
17449 412.9400
17451 169.9298
17452 157.5890
17455 146.7407
17462 163.3692
17464 212.8912
17467 148.2750
17475 180.3729
17477 292.0610
17480 278.8652
17483 169.1849
17489 385.9313
17490 173.2129
17491 160.4248
17500 150.5229
17501 148.1109
17502 187.4329
17504 181.2234
17511 148.8638
17516 172.9630
17517 2995.5367
17523 239.6182
17529 148.0141
17531 145.4243
17535 186.9170
17538 157.0125
17541 204.6145
17544 154.5547
17547 146.6393
17548 683.1121
17553 145.7618
17555 171.5262
17556 199.4999
17557 147.8330
17558 149.6933
17560 145.7035
17561 153.8188
17562 150.7036
17563 153.0957
17565 148.6903
17566 145.5285
17567 167.8968
17569 238.2487
17570 177.8584
17574 199.1910
17576 145.2955
17578 215.4500
17582 146.3122
17585 168.5050
17587 187.6842
17588 148.1259
17590 144.7527
17592 147.9600
17598 145.3594
17601 146.9044
17605 159.4137
17607 188.5395
17609 164.5466
17610 641.4663
17611 210.2504
17613 189.7819
17614 2392.3470
17619 147.5535
17621 145.9690
17622 149.0840
17624 157.5409
17628 186.5416
17629 148.1617
17632 155.3723
17633 405.0686
17634 147.9853
17639 186.1439
17640 156.4648
17642 155.5432
17644 159.4190
17646 271.6361
17648 160.4925
17651 151.6152
17652 169.8920
17659 249.2158
17660 151.2806
17668 148.9199
17676 149.7598
17678 274.6926
17681 197.8097
17682 169.1940
17683 191.1647
17684 155.8746
17691 147.0162
17693 145.4002
17695 154.3875
17700 151.1064
17701 147.5849
17702 247.0709
17708 240.2219
17709 171.9607
17712 305.6855
17720 146.9929
17722 182.3496
17723 146.4639
17724 259.8179
17727 1166.1412
17728 347.9977
17731 150.3718
17734 444.8712
17736 152.5777
17738 154.8675
17742 183.7191
17744 231.3933
17745 145.4768
17746 1764.4888
17747 153.1867
17748 144.7358
17751 148.8650
17753 148.1609
17758 179.3481
17759 145.3960
17761 146.9953
17764 212.7405
17765 3911.3518
17770 226.5834
17771 234.2663
17773 148.9527
17776 4035.2905
17778 148.9505
17779 207.1815
17783 474.7743
17785 1545.8755
17788 156.3416
17792 150.6423
17796 248.0758
17803 205.9469
17808 3813.9255
17814 223.5277
17815 275.1269
17816 145.9238
17819 157.9296
17821 144.1788
17828 396.3723
17830 159.2870
17834 157.5896
17836 150.8932
17837 154.3382
17840 197.2201
17841 151.7754
17848 255.7025
17850 632.3376
17857 145.7247
17859 228.5976
17860 163.6092
17866 147.8361
17868 166.4102
17869 145.8393
17872 172.1249
17873 196.3837
17875 162.6435
17879 155.0624
17885 171.8959
17889 208.5284
17893 152.1218
17895 205.5027
17897 145.2617
17899 166.0816
17901 148.5899
17904 153.9705
17905 145.5461
17912 146.6079
17913 155.1528
17920 208.9031
17923 165.6954
17925 154.4411
17930 151.0676
17932 149.0591
17933 241.6470
17934 145.4214
17938 244.2490
17946 254.6273
17947 147.4442
17948 2146.5668
17949 176.5343
17955 155.2366
17961 334.6727
17963 198.2250
17964 150.8467
17966 157.0189
17969 147.0054
17970 1748.7602
17976 154.8806
17978 158.4247
17980 150.4261
17982 145.2584
17985 163.0895
17987 150.6072
17988 148.1754
17989 156.0006
17995 201.5070
17996 153.9246
18001 261.7458
18004 147.9980
18007 177.8040
18011 147.1466
18013 207.8157
18014 176.5110
18024 148.4797
18027 164.3991
18031 175.6526
18032 158.7896
18035 181.0004
18037 190.2731
18041 3572.4237
18042 164.8741
18044 163.1415
18047 152.9736
18049 172.7708
18052 149.9860
18053 157.1414
18055 155.5644
18065 167.6485
18071 144.9750
18074 149.5001
18083 151.2342
18086 148.0236
